188,550,100.0,0,0
31
616,600,166,78.38380661757373,107.57531364424112
736,600,141,62.92485227444307,85.45023130481769
1696,560,177,71.66775907791201,114.95494013585252
1856,520,180,74.17110351085651,108.0435305783146
1936,600,179,86.78257593718236,124.23476361189212
3016,480,183,82.93448846390797,112.02186384759962
3296,520,179,86.57815847466901,122.47642465225158
3496,480,182,86.40426450728336,114.80548445195257
3656,480,146,71.66982784543481,97.47607841199475
3696,520,167,77.21476954976261,100.52135018711613
3896,480,190,84.52950812107271,124.42835581989746
3976,560,156,75.10757175386216,94.27437491385065
4016,480,141,59.676328840952564,92.81703344251018
4256,480,197,96.51947598687879,134.272476881334
4296,480,186,82.39110020043853,115.4075154607071
4736,480,199,80.7365082329719,122.80361663183882
4776,560,164,81.66217009257316,108.43755716015599
4816,520,174,86.24185373562621,119.77538915632324
5216,480,190,94.98380131707249,129.28873705079718
5256,560,161,65.26097974332404,108.7549513876773
5376,520,189,89.99106241567699,115.05506874679678
5856,600,178,75.54079802441453,123.0037991599696
5976,480,197,86.37041924804045,125.64321670731798
6416,560,145,67.45422322067809,98.72313043886673
6536,560,158,78.52784700280446,104.97519038327158
6776,480,199,99.1246868186655,120.56890596861756
7816,480,163,75.61621963128462,109.43347314688688
8296,600,186,83.92120784828455,125.90696643832594
8456,520,140,67.64981215375931,92.36494060351804
8856,480,171,75.10582129263825,114.24558820021898
9216,560,142,58.65188267761348,87.49081361721737
0
0 0 0 0 0 0 0 0 0 0 0 0 0 0 0 0 0 0 0 0 0 0 0 0 0 0 0 0 0 0 0 0 0 0 0 0 0 0 0 0 0 0 0 0 0 0 0 0 0 0 0 0 0 0 0 0 0 0 0 0 0 0 0 0 0 0 0 0 0 0 0 0 0 0 0 0 0 0 0 0 0 0 0 0 0 0 0 0 0 0 0 0 0 0 0 0 0 0 0 0 0 0 0 0 0 0 0 0 0 0 0 0 0 0 3 3 0 0 0 0 0 0 0 0 0 0 0 0 0 0 0 0 0 0 0 0 0 0 0 0 0 0 0 0 0 0 0 0 0 0 0 0 0 0 0 0 0 0 0 0 0 0 0 0 0 0 0 0 0 0 0 0 0 0 0 0 0 0 0 0 0 0 0 0 0 0 0 0 0 0 0 0 0 0 0 0 0 0 0 13 11 11 31 11 11 13 0 0 0 0 0 0 0 0 0 0 0 0 0 0 0 0 0 0 0 0 0 0 0 0 0 0 0 0 0 0 0 0 0 0 0 0 0 0 0 0 0 0 0 0 0 0 0 0 0 0
0 0 0 0 0 0 0 0 0 0 0 0 0 0 0 0 0 0 0 0 0 0 0 0 0 0 0 0 0 0 0 0 0 0 0 0 0 0 0 0 0 0 0 0 0 0 0 0 0 0 0 0 0 0 0 0 0 0 0 0 0 0 0 0 0 0 0 0 0 0 0 0 0 0 0 0 0 0 0 0 0 0 0 0 0 0 0 0 0 0 0 0 0 0 0 0 0 0 0 0 0 0 0 0 0 0 0 0 0 0 0 0 0 0 3 3 0 0 0 0 0 0 0 0 0 0 0 0 0 0 0 0 0 0 0 0 0 0 0 0 0 0 0 0 0 0 0 0 0 0 0 0 0 0 0 0 0 0 0 0 0 0 0 0 0 0 0 0 0 0 0 0 0 0 0 0 0 0 0 0 0 0 0 0 0 0 0 0 0 0 0 0 0 0 0 0 0 0 0 13 13 13 13 13 13 13 0 0 0 0 0 0 0 0 0 0 0 0 0 0 0 0 0 0 0 0 0 0 0 0 0 0 0 0 0 0 0 0 0 0 0 0 0 0 0 0 0 0 0 0 0 0 0 0 0 0
0 0 0 0 0 0 0 0 0 0 0 0 0 0 0 0 0 0 0 0 0 0 0 0 0 0 0 0 0 0 0 0 0 0 0 0 0 0 0 0 0 0 0 0 0 0 0 0 0 0 0 0 0 0 0 0 0 0 0 0 0 0 0 0 0 0 0 0 0 0 0 0 0 0 0 0 0 0 0 0 0 0 0 0 0 0 0 0 0 0 0 0 0 0 0 0 0 0 0 0 0 0 0 0 0 0 0 0 0 0 0 0 0 0 3 3 0 0 0 0 0 0 0 0 0 31 0 0 0 0 0 0 0 0 0 0 0 0 0 0 0 0 0 0 0 0 0 0 0 0 0 0 0 0 0 31 0 0 0 0 0 0 0 0 0 0 0 0 0 0 0 0 0 0 0 0 0 0 0 0 0 0 0 0 0 0 0 0 0 0 0 0 0 0 0 0 0 0 0 13 11 11 31 11 11 13 0 0 0 0 0 0 0 0 0 0 0 0 0 0 0 0 0 0 0 0 0 0 0 0 0 0 0 0 0 0 0 0 0 0 0 0 0 0 0 0 0 0 0 0 0 0 0 0 0 0
0 0 0 0 0 0 0 0 0 0 0 0 0 0 0 0 0 0 0 0 0 0 0 0 0 0 0 0 0 0 0 0 0 0 0 0 0 0 0 0 0 0 0 0 0 0 0 0 0 0 0 0 0 0 0 0 12 12 0 0 12 0 0 0 12 0 12 12 0 0 0 0 0 0 0 0 0 0 0 0 0 0 0 0 0 0 0 0 0 0 0 0 0 0 0 0 0 0 0 0 0 0 0 0 0 0 0 0 0 0 0 0 0 0 0 3 0 0 0 0 0 0 14 14 14 14 14 14 14 0 0 0 0 0 0 0 0 0 0 0 0 0 0 0 0 0 0 0 0 0 0 0 4 4 4 4 4 4 4 0 0 0 0 0 0 0 0 0 0 0 0 0 0 0 0 0 0 0 0 0 12 12 12 12 12 12 12 12 12 12 12 0 0 0 0 0 0 0 0 13 13 13 13 13 13 13 0 0 0 0 0 0 0 0 0 0 0 0 0 0 0 0 0 0 0 0 0 0 0 0 0 0 0 0 0 0 0 0 0 0 0 0 0 0 0 0 0 0 0 0 0 0 0 0 0 0
0 0 0 0 0 0 0 0 0 0 0 0 0 0 0 0 0 0 0 0 0 0 0 0 0 0 0 0 0 0 0 0 0 0 0 0 0 0 0 0 0 0 0 0 0 0 0 0 0 0 0 0 0 0 0 12 31 31 12 0 12 12 0 12 12 12 31 31 12 0 0 0 12 0 0 0 0 0 0 0 0 0 0 0 0 0 0 0 0 0 0 0 0 0 0 0 0 0 0 0 0 0 0 0 0 0 0 0 0 0 0 0 0 0 3 0 0 0 0 0 0 0 14 3 3 3 3 3 14 0 0 0 0 0 0 0 0 0 0 0 0 0 0 0 0 0 0 0 0 0 0 0 4 14 14 14 14 14 4 0 0 0 0 0 0 0 0 0 0 0 0 0 0 0 0 0 0 0 0 0 12 14 14 14 14 12 14 14 14 14 12 0 0 0 0 0 0 0 0 13 11 11 31 11 11 13 0 0 0 0 0 0 0 0 0 0 0 0 0 0 0 0 0 0 0 0 0 0 0 0 0 0 0 0 0 0 0 0 0 0 0 0 0 0 0 0 0 0 0 0 0 0 0 0 0 0
0 0 0 0 0 0 0 0 0 0 0 0 0 0 0 0 0 0 0 0 0 0 0 0 0 0 0 0 0 0 0 0 0 0 0 0 0 0 0 0 0 0 0 0 0 0 0 0 0 0 0 0 0 0 0 12 12 12 12 0 12 31 12 31 12 12 31 31 12 0 0 12 12 0 0 0 0 0 0 0 0 0 0 0 0 0 0 0 0 0 0 0 0 0 0 0 0 0 0 0 0 0 0 0 0 0 0 0 0 0 0 0 0 0 0 3 0 0 0 0 0 0 14 3 11 3 11 3 14 0 0 0 0 0 0 0 0 0 0 0 0 0 0 0 0 0 0 0 0 0 0 0 4 14 11 14 11 14 4 0 0 0 0 0 0 0 0 0 0 0 0 0 0 0 0 0 0 0 0 0 12 14 11 11 14 12 14 11 11 14 12 0 0 0 0 0 0 0 0 13 13 13 13 13 13 13 0 0 0 0 0 0 0 0 0 0 0 0 0 0 0 0 0 0 0 0 0 0 0 0 0 0 0 0 0 0 0 0 0 0 0 0 0 0 0 0 0 0 0 0 0 0 0 0 0 0
0 0 0 0 0 0 0 0 0 0 0 0 0 0 0 0 0 0 0 0 0 0 0 0 0 0 0 0 0 0 0 0 0 0 0 0 0 0 0 0 0 0 0 0 0 0 0 0 0 0 0 0 0 0 0 28 31 31 12 0 12 31 31 31 12 12 31 31 12 0 12 31 12 0 0 0 0 0 0 0 0 0 0 0 0 0 0 0 0 0 0 0 0 0 0 0 0 0 0 0 0 0 0 0 0 0 0 0 0 0 0 0 0 0 3 0 0 0 0 0 0 0 14 3 3 3 3 3 14 0 0 0 0 0 0 0 0 0 0 0 0 0 0 0 0 0 0 0 0 0 0 0 4 14 14 14 14 14 4 0 0 0 0 0 0 0 0 0 0 0 0 0 0 0 0 0 0 0 0 0 12 14 14 14 14 12 14 14 14 14 12 0 0 0 0 0 0 0 0 13 11 11 31 11 11 13 0 0 0 0 0 0 0 0 0 0 0 0 0 0 0 0 0 0 0 0 0 0 0 0 0 0 0 0 0 0 0 0 0 0 0 0 0 0 0 0 0 0 0 0 0 0 0 0 0 0
0 0 0 0 0 0 0 0 0 0 0 0 0 0 0 0 0 0 0 0 0 0 0 0 0 0 0 0 0 0 0 0 0 0 0 0 0 0 0 0 0 0 0 0 0 0 0 0 0 0 0 0 0 0 0 28 31 31 12 12 12 31 31 31 12 0 12 12 0 12 31 31 12 0 0 0 0 0 0 0 0 0 0 0 0 0 0 0 0 0 0 0 0 0 0 0 0 0 0 0 0 0 0 0 0 0 0 0 0 0 0 0 0 0 0 3 0 0 0 0 0 0 14 3 3 3 3 3 14 0 0 0 0 0 0 0 0 0 0 0 0 0 0 0 0 0 0 0 0 0 0 0 4 4 4 4 4 4 4 0 0 0 0 0 0 0 0 0 0 0 0 0 0 0 0 0 0 0 0 0 12 12 12 12 12 12 12 12 12 12 12 0 0 0 0 0 0 0 0 13 13 13 13 13 13 13 0 0 0 0 0 0 0 0 0 0 0 0 0 0 0 0 0 0 0 0 0 0 0 0 0 0 0 0 0 0 0 0 0 0 0 0 0 0 0 0 0 0 0 0 0 0 0 0 0 0
0 0 0 0 0 0 0 0 0 0 0 0 0 0 0 0 0 0 0 0 0 0 0 0 0 0 0 0 0 0 0 0 0 0 0 0 0 0 0 0 0 0 0 0 0 0 0 0 0 0 0 0 13 13 13 13 13 13 13 13 13 13 13 13 13 13 13 13 13 13 13 13 13 0 0 0 0 0 0 0 0 0 0 0 0 0 0 0 0 0 0 0 0 0 0 0 0 0 0 0 0 0 0 0 0 0 0 0 0 0 0 0 0 0 3 0 0 0 0 0 0 0 14 3 3 3 3 3 14 0 0 0 0 0 0 0 0 0 0 0 0 0 0 0 0 0 0 0 0 0 0 0 4 14 14 14 14 14 4 0 0 0 0 0 0 0 0 0 0 0 0 0 0 0 0 0 0 0 0 0 12 14 14 14 14 12 14 14 14 14 12 0 0 0 0 0 0 0 0 13 11 11 31 11 11 13 0 0 0 0 0 0 0 0 0 0 0 0 0 0 0 0 0 0 0 0 0 0 0 0 0 0 0 0 0 0 0 0 0 0 0 0 0 0 0 0 0 0 0 0 0 0 0 0 0 0
0 0 0 0 0 0 0 0 0 0 0 0 0 0 0 0 0 0 0 0 0 0 0 0 0 0 0 0 0 0 0 0 0 0 0 0 0 0 0 0 0 0 0 0 0 0 0 0 0 0 0 0 13 56 56 56 56 56 13 0 0 0 0 0 0 0 13 0 14 14 4 28 13 0 0 0 0 0 0 0 0 0 0 0 0 0 0 0 0 0 0 0 0 0 0 0 0 0 0 0 0 0 0 0 0 0 0 0 0 0 0 0 0 0 0 3 0 0 0 0 0 0 14 3 11 3 11 3 14 0 0 0 0 0 0 0 0 0 0 0 0 0 0 0 0 0 0 0 0 0 0 0 4 14 11 14 11 14 4 0 0 0 0 0 0 0 0 0 0 0 0 0 0 0 0 0 0 0 0 0 12 14 11 11 14 12 14 11 11 14 12 0 0 0 0 0 0 0 0 13 13 13 13 13 13 13 0 0 0 0 0 0 0 0 0 0 0 0 0 0 0 0 0 0 0 0 0 0 0 0 0 0 0 0 0 0 0 0 0 0 0 0 0 0 0 0 0 0 0 0 0 0 0 0 0 0
0 0 0 0 0 0 0 0 0 0 0 0 0 0 0 0 0 0 0 0 0 0 3 33 33 3 0 0 3 33 33 3 0 0 3 33 33 3 0 0 0 0 0 0 0 0 0 0 0 0 0 0 13 52 52 52 52 52 13 0 0 0 0 0 0 0 13 0 14 14 4 28 13 0 0 0 0 0 0 0 0 0 0 0 0 0 0 0 0 0 0 0 0 0 0 0 0 0 0 0 0 0 0 0 0 0 0 0 0 0 0 0 0 0 3 0 0 0 0 0 0 0 14 3 3 3 3 3 14 0 0 0 0 0 0 0 0 0 0 0 0 0 0 0 0 0 0 0 0 0 0 0 4 14 14 14 14 14 4 0 0 0 0 0 0 0 0 0 0 0 0 0 0 0 0 0 0 0 0 0 12 14 14 14 14 12 14 14 14 14 12 0 0 0 0 0 0 0 0 13 11 11 31 11 11 13 0 0 0 0 0 0 0 0 0 0 0 0 0 0 0 0 0 0 0 0 0 0 0 0 0 0 0 0 0 0 0 0 0 0 0 0 0 0 0 0 0 0 0 0 0 0 0 0 0 0
0 0 0 0 0 0 0 0 0 0 0 0 0 0 0 0 0 0 0 0 0 0 3 33 33 3 0 0 3 33 33 3 0 0 3 33 33 3 0 0 0 0 0 0 0 0 0 0 0 0 0 0 13 13 13 13 13 13 13 13 13 13 13 13 13 13 13 13 13 13 13 13 13 0 0 0 0 0 0 0 0 0 0 0 0 0 0 0 0 0 0 0 0 0 0 0 0 0 0 0 0 0 0 0 0 0 0 0 0 0 0 0 0 0 0 3 0 0 0 0 0 0 14 3 3 3 3 3 14 0 0 0 0 0 0 0 0 0 0 0 0 0 0 0 0 0 0 0 0 0 0 0 4 4 4 4 4 4 4 0 0 0 0 0 0 0 0 0 0 0 0 0 0 0 0 0 0 0 0 0 12 12 12 12 12 12 12 12 12 12 12 0 0 0 0 0 0 0 0 13 13 13 13 13 13 13 0 0 0 0 0 0 0 0 0 0 0 0 0 0 0 0 0 0 0 0 0 0 0 0 0 0 0 0 0 0 0 0 0 0 0 0 0 0 0 0 0 0 0 0 0 0 0 0 0 0
0 0 0 0 0 0 12 12 12 12 12 12 12 12 12 12 0 12 12 0 0 0 3 3 3 3 0 0 3 3 3 3 0 0 3 3 3 3 0 0 0 0 0 0 0 0 0 0 0 0 0 0 13 56 56 56 56 56 13 0 0 0 0 0 0 0 13 0 0 0 0 0 13 0 0 1 15 0 0 0 0 0 0 0 0 1 0 1 0 1 1 1 0 1 0 1 1 1 0 0 1 1 0 0 0 0 1 1 1 0 0 0 0 0 3 0 0 15 1 0 0 0 14 3 3 3 3 3 14 0 1 0 0 1 0 15 0 0 0 0 0 0 0 0 0 0 0 0 0 1 0 0 4 14 14 14 14 14 4 0 0 0 0 0 0 0 0 0 0 1 0 0 1 0 0 0 0 0 0 0 12 14 14 14 14 12 14 14 14 14 12 0 0 0 0 1 0 0 0 13 11 11 31 11 11 13 0 0 0 0 0 0 0 0 0 0 0 0 1 1 0 1 1 0 1 0 0 0 0 0 0 1 0 1 1 0 0 1 1 0 1 0 15 0 1 0 0 0 0 0 1 0 1 0 0 0
0 0 0 0 0 0 12 0 12 0 12 12 12 12 0 12 0 12 12 0 0 0 3 3 3 3 0 0 3 3 3 3 0 0 3 3 3 3 0 0 0 0 0 0 0 0 1 0 0 0 0 0 13 52 52 52 52 52 13 0 0 0 0 0 0 0 13 0 0 0 0 0 13 0 0 2 2 1 0 0 0 0 1 0 0 2 1 2 0 2 2 2 1 2 1 2 2 2 0 0 2 2 0 1 15 0 2 2 2 0 0 0 0 0 3 3 0 2 2 0 1 0 14 3 11 3 31 3 14 0 2 0 0 2 1 2 0 0 0 0 0 0 0 0 0 0 0 0 0 2 1 0 4 14 11 14 31 14 4 0 0 0 0 0 15 0 0 0 0 2 1 1 2 0 0 0 0 0 0 0 12 14 11 11 14 12 14 0 0 14 12 0 0 1 1 2 0 0 0 13 13 13 13 13 13 13 0 0 0 0 15 1 0 0 0 0 1 15 2 2 0 2 2 0 2 0 1 0 0 0 0 2 0 2 2 0 0 2 2 1 2 0 2 0 2 1 1 0 0 0 2 0 2 1 0 0
0 0 0 0 0 0 12 0 12 12 12 12 0 12 12 12 12 0 0 12 0 0 3 3 3 3 0 0 3 3 3 3 0 0 3 3 3 3 0 0 0 0 1 1 0 0 2 0 0 0 0 0 13 13 13 13 13 13 13 13 13 13 13 13 13 13 13 13 13 13 13 13 13 0 0 2 2 2 0 0 0 0 2 0 0 2 2 2 1 2 2 2 2 2 2 2 2 2 1 1 2 2 1 2 2 0 2 2 2 48 36 0 0 3 0 0 3 2 2 1 2 0 14 3 3 3 31 3 14 1 2 1 1 2 2 2 0 0 0 0 0 0 0 0 0 0 0 36 48 2 2 0 4 14 14 14 31 14 4 0 1 0 0 1 2 1 0 0 0 2 2 2 2 36 48 0 0 0 0 0 12 14 14 14 14 12 14 0 0 14 12 0 2 2 2 0 0 2 0 13 11 11 31 11 11 13 0 0 2 1 2 2 0 0 0 0 2 2 2 2 1 2 2 1 2 1 2 0 0 0 1 2 1 2 2 1 0 2 2 2 2 0 2 15 2 2 2 1 0 1 2 0 2 2 0 1
1 0 0 2 2 2 2 2 2 2 2 2 1 2 1 1 2 1 1 2 2 2 1 2 2 2 15 2 2 2 1 2 1 2 2 2 1 2 2 2 1 1 2 2 1 2 2 2 1 0 0 1 2 1 2 2 2 2 1 2 1 2 1 2 1 2 2 2 2 2 2 2 2 2 2 2 2 2 1 2 0 0 2 1 2 2 2 2 2 2 2 2 2 2 2 2 2 2 2 2 2 2 2 2 2 15 2 2 2 1 2 2 2 2 2 2 15 2 2 2 2 1 1 2 2 2 2 2 2 2 2 2 2 2 2 2 1 0 0 2 2 2 2 2 1 2 1 2 2 2 2 15 2 2 1 2 1 2 1 1 2 1 15 2 2 0 0 31 1 2 2 2 2 1 2 2 2 2 1 2 15 2 2 2 1 2 2 2 2 2 1 1 2 2 0 0 2 2 1 1 2 1 2 2 2 2 2 1 2 2 2 2 2 2 1 2 2 2 2 2 2 2 2 2 2 2 2 1 1 1 2 2 2 2 2 2 1 2 2 2 2 1 2 2 2 2 2 2 1 2 2 1 2 2 1 2
2 2 0 0 2 2 2 2 2 2 2 2 2 2 2 2 2 2 2 2 2 2 2 2 2 2 2 2 2 2 2 2 2 2 2 2 2 2 2 2 2 2 2 2 2 2 2 2 0 0 2 2 2 2 2 2 2 2 2 2 2 2 2 2 2 2 2 2 2 2 2 2 2 2 2 2 2 2 2 2 2 0 0 31 2 2 2 2 2 2 2 2 2 2 2 2 2 2 2 2 2 2 2 2 2 2 2 2 2 2 2 2 2 2 2 2 2 2 2 2 2 2 2 2 2 2 2 2 2 2 2 2 2 2 2 31 0 0 2 2 2 2 2 2 2 2 2 2 2 2 2 2 2 2 2 2 2 2 2 2 2 2 2 2 0 0 2 2 2 2 2 2 2 2 2 2 2 2 2 2 2 2 2 2 2 2 2 2 2 2 2 2 2 0 0 2 2 2 2 2 2 2 2 2 2 2 2 2 2 2 2 2 2 2 2 2 2 2 2 2 2 2 2 2 2 2 2 2 2 2 2 2 2 2 2 2 2 2 2 2 2 2 2 2 2 2 2 2 2 2 2 2 2 2 2 2
2 2 2 0 0 31 2 2 2 2 2 2 2 2 2 2 3 2 2 7 2 2 2 2 2 2 2 3 2 2 2 2 2 2 2 3 2 2 3 2 2 2 2 2 2 2 2 2 2 0 0 31 2 2 3 2 2 2 2 2 2 2 2 2 2 3 2 2 3 2 2 2 2 2 2 3 3 2 2 2 2 2 0 0 2 3 2 3 2 3 3 3 2 3 2 3 3 3 2 2 3 7 2 2 2 2 3 3 3 2 2 2 2 2 2 2 2 3 3 2 2 2 2 2 3 2 6 2 3 2 7 2 2 3 2 0 0 2 2 2 3 3 2 2 2 3 2 3 2 3 2 2 2 7 2 3 2 2 2 2 2 2 2 2 2 0 0 31 2 3 2 2 3 2 2 2 2 2 2 2 2 2 3 3 2 3 2 2 3 7 31 2 0 0 2 3 2 2 2 2 2 2 3 3 2 3 3 2 3 2 2 2 2 2 2 2 2 2 3 3 2 6 3 2 3 2 2 2 2 2 2 3 2 3 3 2 2 3 3 2 3 2 3 2 3 2 2 2 2 2 6 2 3 2 2 2
2 2 2 6 0 0 3 2 2 3 2 3 2 3 2 2 3 2 2 3 3 2 2 3 7 2 2 3 2 2 2 3 2 2 2 3 2 3 6 3 2 2 2 2 2 2 3 3 2 3 0 0 3 2 3 2 3 2 2 3 2 3 2 2 2 6 3 3 3 2 2 6 3 3 3 3 3 3 2 3 6 2 3 0 0 3 3 3 2 3 3 3 3 3 3 3 3 3 2 2 3 3 2 3 3 2 3 3 3 2 3 2 3 3 7 2 2 3 6 2 3 2 2 3 3 3 3 3 3 2 3 2 2 3 0 0 2 3 2 3 3 3 2 3 2 3 2 3 3 3 3 2 3 3 2 6 2 3 2 2 2 2 2 2 3 2 0 0 2 3 3 3 6 2 3 3 3 3 2 2 2 3 3 3 2 3 2 2 3 3 0 0 0 3 3 3 3 3 2 2 2 2 3 7 2 3 3 2 3 2 3 3 2 2 2 2 3 3 3 6 2 3 3 2 3 2 3 2 2 2 2 3 2 3 3 2 2 3 3 3 3 2 6 2 3 3 3 2 2 2 3 2 3 7 2 2
2 2 7 3 3 0 0 0 0 0 0 0 0 0 0 0 0 0 0 0 0 0 0 0 0 0 0 0 0 0 0 0 0 0 0 0 0 0 0 0 0 0 0 0 0 0 0 0 0 0 0 0 0 0 0 0 0 0 0 0 0 0 0 0 0 0 0 0 0 0 0 0 0 0 0 0 0 0 0 0 0 0 0 0 0 0 0 0 0 0 0 0 0 0 0 0 0 0 0 0 0 0 0 0 0 0 0 0 0 0 0 0 0 0 0 0 0 0 0 0 0 0 0 0 0 0 0 0 0 0 0 0 0 0 0 0 0 0 0 0 0 0 0 0 0 0 0 0 0 0 0 0 0 0 0 0 0 0 0 0 0 0 0 0 0 0 0 0 0 0 0 0 0 0 0 0 0 0 0 0 0 0 0 0 0 0 0 0 0 0 0 2 3 3 3 3 3 3 2 2 3 2 3 3 3 3 3 2 3 3 3 3 3 3 2 3 6 3 3 3 3 3 3 3 3 7 3 2 2 2 3 3 6 3 3 3 2 3 3 3 3 2 3 3 3 3 3 3 2 3 3 2 3 3 2 3
3 3 3 3 3 39 39 39 39 39 39 39 39 39 39 39 39 39 39 39 39 39 39 39 39 39 39 39 39 39 39 39 39 39 39 39 39 39 39 39 39 39 39 39 39 39 39 39 39 39 39 39 39 39 39 39 39 39 39 39 39 39 39 39 39 39 39 39 39 39 39 39 39 39 39 39 39 39 39 39 39 39 39 39 39 39 39 39 39 39 39 39 39 39 39 39 39 39 39 39 39 39 39 39 39 39 39 39 39 39 39 39 39 39 39 39 39 39 39 39 39 39 39 39 39 39 39 39 39 39 39 39 39 39 39 39 39 39 39 39 39 39 39 39 39 39 39 39 39 39 39 39 39 39 39 39 39 39 39 39 39 39 39 39 39 39 39 39 39 39 39 39 39 39 39 39 39 39 39 39 39 39 39 39 39 39 39 39 39 39 3 3 3 3 3 3 3 3 6 3 3 3 3 3 7 3 3 3 3 6 3 3 3 6 3 7 3 7 3 3 3 7 3 3 7 3 3 3 3 3 3 3 3 3 3 3 3 3 3 3 3 3 6 3 3 3 3 3 3 3 3 3 3 3 3 3
3 3 3 3 3 3 3 3 3 3 3 3 3 3 3 3 7 3 3 3 3 3 3 3 3 3 7 6 6 3 3 3 3 3 3 6 3 3 3 3 7 3 3 3 3 3 3 3 3 3 3 3 3 3 3 3 6 3 3 3 3 7 3 3 3 3 3 6 3 3 6 3 3 3 3 3 3 3 3 7 3 3 3 7 3 3 3 3 3 6 3 3 3 3 3 3 3 3 3 3 3 3 3 6 3 3 3 3 3 3 3 3 3 3 3 3 3 3 3 3 6 3 3 3 3 3 6 3 3 3 7 3 7 3 3 3 7 3 3 3 3 3 7 3 3 3 3 3 3 3 3 6 3 3 7 3 3 3 3 3 3 3 3 3 3 3 3 3 3 3 3 3 3 3 3 3 3 3 3 3 6 3 6 3 7 3 3 3 3 7 3 3 7 3 3 3 3 3 3 3 6 3 7 3 3 3 3 3 7 3 3 7 3 3 3 3 3 6 3 3 7 3 3 3 3 3 3 3 3 3 3 3 3 3 3 3 3 7 3 3 7 3 6 3 3 3 3 3 3 3 6 3 3 3 7 3
3 7 3 3 3 3 3 3 3 3 3 6 3 6 3 3 7 3 6 3 3 3 3 3 3 7 3 3 3 3 3 3 3 6 3 3 3 3 3 3 3 3 3 3 3 3 6 3 3 3 3 3 3 3 3 7 3 3 3 3 3 6 3 3 3 3 3 3 3 3 3 3 3 6 7 3 3 3 7 3 3 3 3 6 3 3 3 3 3 6 3 3 3 3 3 3 3 3 3 3 3 3 3 3 3 3 7 3 3 3 3 3 3 3 3 3 6 3 6 3 3 3 7 3 3 3 3 3 3 3 3 3 3 3 3 3 6 3 3 3 3 3 3 3 3 3 3 3 3 3 3 3 3 7 3 6 3 6 3 3 3 3 6 3 3 3 3 3 3 3 3 3 7 3 7 3 3 7 3 7 3 3 3 3 3 7 3 3 6 3 3 3 3 3 7 3 3 3 3 3 6 6 3 7 3 3 3 3 7 7 3 3 3 3 6 3 3 3 3 3 6 3 3 3 3 3 3 3 3 3 3 3 3 3 3 3 3 3 7 3 3 3 3 3 7 3 3 3 6 3 7 3 3 3 3 3
3 3 7 3 3 7 3 7 3 3 7 3 3 7 6 3 6 3 3 3 3 7 3 3 3 3 3 3 3 3 3 6 3 3 3 3 3 3 3 3 3 6 3 3 7 3 6 3 7 3 3 3 3 3 3 3 3 3 3 7 7 3 3 3 3 3 3 3 3 3 3 7 3 3 7 3 3 3 3 3 3 3 3 3 6 3 3 3 3 3 3 6 6 3 6 3 7 3 3 3 3 3 3 3 3 3 3 3 3 6 3 3 3 3 3 3 3 3 3 6 3 3 3 3 6 3 3 3 7 3 3 3 3 3 3 3 3 3 7 6 3 3 3 7 3 3 3 3 7 3 3 6 3 7 3 3 3 3 3 3 3 3 3 3 3 3 3 3 3 3 3 3 3 7 3 3 3 3 3 3 3 3 3 3 3 3 7 3 3 3 3 7 3 3 3 3 3 3 7 3 3 3 3 3 3 3 3 3 3 3 3 3 3 3 3 3 3 6 3 6 3 3 3 3 3 3 3 3 3 3 7 3 3 7 6 3 3 3 3 3 3 7 3 3 3 3 3 3 3 3 3 3 3 7 3 6
3 3 3 3 3 3 3 3 3 3 3 3 3 6 3 3 3 3 3 3 6 7 3 3 3 3 3 3 3 3 3 6 7 3 3 3 3 3 3 3 3 7 7 3 3 3 3 7 3 3 3 3 3 3 3 3 3 3 7 3 3 3 3 3 3 3 3 3 3 3 3 3 3 3 3 3 3 3 3 3 3 3 6 3 3 3 6 3 3 3 7 3 3 3 3 7 3 3 3 6 3 7 3 3 3 3 3 3 3 3 3 3 3 3 6 6 3 3 7 6 3 3 3 3 3 3 6 3 3 6 3 3 3 6 3 3 3 3 3 3 3 3 3 3 3 3 3 3 3 3 3 3 3 3 3 7 3 3 3 3 3 3 3 3 3 3 3 3 3 7 3 3 3 3 3 3 3 3 6 3 3 3 3 3 3 3 3 3 3 3 3 3 3 3 3 6 3 3 3 3 3 3 3 3 3 3 3 3 3 3 3 3 3 3 3 3 3 3 3 3 3 7 6 3 3 3 3 3 3 3 3 3 3 3 3 3 3 7 3 3 3 3 7 3 7 3 3 3 3 3 3 3 3 3 3 3
3 3 3 3 3 3 3 3 3 3 3 3 3 3 3 3 3 3 3 3 3 3 3 3 3 3 3 3 3 3 3 3 8 3 3 3 3 3 3 3 3 3 3 3 3 3 3 3 3 3 3 3 3 3 3 3 20 3 3 3 10 8 3 3 3 3 3 3 3 3 3 3 20 3 3 3 8 3 3 3 3 3 3 3 3 3 3 3 3 3 3 3 3 3 3 3 3 3 3 3 3 3 3 8 3 3 3 3 3 3 3 3 3 3 3 3 3 3 3 3 3 3 3 3 3 3 3 3 3 3 3 20 3 3 3 3 3 3 3 3 3 3 3 3 3 3 3 8 3 3 3 3 3 3 3 10 3 3 3 20 3 3 3 3 3 3 20 3 3 3 3 3 3 3 3 3 3 3 3 3 10 3 3 3 3 3 3 3 3 3 3 3 3 3 3 3 3 3 3 3 3 3 3 3 20 3 3 3 3 3 3 3 3 3 3 3 3 3 3 3 3 3 3 3 3 3 3 3 3 3 3 3 3 3 8 3 3 10 3 3 3 3 3 3 8 3 3 3 3 3 3 3 3 3 3 3
3 3 3 3 3 3 3 3 3 3 3 3 3 3 20 3 3 3 3 3 3 3 3 3 3 3 3 3 3 3 3 3 3 3 3 3 3 3 3 3 3 3 3 3 3 3 3 3 3 3 3 3 3 3 3 3 3 3 3 3 8 3 3 3 3 3 3 3 3 3 3 3 3 3 3 3 3 3 3 3 3 3 3 3 3 20 3 3 3 3 3 3 3 8 3 3 3 3 3 20 3 3 3 3 3 3 10 3 3 3 20 3 3 3 3 10 3 20 3 3 20 10 3 3 3 3 3 3 3 3 8 3 3 3 3 3 3 3 3 3 3 3 3 3 3 3 3 3 3 3 3 3 3 3 3 3 3 3 3 3 3 3 3 3 3 3 3 3 3 3 3 3 3 3 10 3 3 3 3 3 3 20 10 3 3 3 3 3 3 3 3 3 10 3 3 3 3 8 3 3 3 3 3 3 10 3 3 3 3 3 3 3 3 3 3 3 3 3 3 3 3 3 3 3 3 3 3 3 3 3 3 3 3 3 3 10 3 3 3 3 3 3 3 3 3 3 3 3 3 3 3 3 3 3 3 8
3 3 3 3 3 3 3 3 3 3 3 3 3 3 3 3 3 3 3 3 3 3 3 3 3 3 3 3 3 3 3 3 3 3 3 3 3 3 3 3 3 3 3 3 3 3 3 3 3 3 3 3 3 3 3 3 3 3 3 3 3 10 20 8 3 3 8 3 3 3 3 3 3 3 3 3 3 3 3 3 3 3 3 3 3 3 3 3 3 3 3 3 20 3 3 10 10 3 3 3 3 3 3 3 3 3 3 3 3 3 3 10 3 3 3 3 3 3 3 3 3 3 3 3 3 3 3 3 3 3 3 3 3 3 3 3 3 3 3 3 3 3 3 3 3 3 3 3 3 3 3 3 3 10 3 3 3 3 3 3 20 3 3 20 3 3 3 3 3 3 3 3 3 3 8 3 3 3 3 3 20 3 20 10 3 3 3 3 3 20 3 3 3 3 3 3 3 3 3 3 3 3 3 3 3 3 3 3 3 3 3 3 8 3 3 20 3 3 3 3 3 3 3 3 10 3 3 3 3 3 3 3 3 3 3 3 3 10 3 3 3 3 3 3 3 3 3 3 3 3 8 3 3 3 3 3
3 3 20 8 3 8 3 3 8 3 3 3 3 3 3 3 3 3 3 3 3 3 3 3 3 3 3 3 3 8 3 3 3 3 3 3 3 3 3 3 3 10 3 3 3 3 3 3 3 3 3 3 3 3 3 3 3 3 3 3 3 3 3 3 3 3 3 3 3 3 3 3 20 3 3 3 3 3 10 3 3 3 3 20 3 3 3 3 3 3 3 3 3 8 3 3 3 3 3 20 3 3 3 3 3 3 3 3 3 3 3 3 3 3 3 3 3 3 3 3 3 3 3 3 3 3 3 3 3 3 3 3 10 3 3 3 3 3 3 3 3 3 3 3 3 3 3 3 3 3 10 3 3 3 3 3 3 8 8 3 3 3 3 3 3 3 3 3 3 3 3 3 3 3 3 3 3 3 10 3 3 3 3 3 10 3 3 3 3 20 3 3 3 3 3 3 10 3 3 3 3 3 3 3 3 3 3 3 3 3 3 3 3 8 3 3 3 3 3 3 3 3 3 3 10 3 3 3 3 3 8 3 3 3 3 3 3 3 3 3 3 3 3 3 3 3 3 3 10 3 3 3 3 3 3 3
3 8 3 3 3 3 3 3 3 3 3 3 3 3 3 3 3 3 3 3 3 3 3 3 3 3 3 3 3 3 3 3 3 3 3 3 3 3 3 3 3 3 3 3 3 3 3 3 3 3 3 3 3 3 3 3 3 3 3 3 3 3 3 3 3 3 3 3 3 3 3 3 3 3 3 3 3 3 3 10 3 3 3 3 8 3 3 3 3 3 3 3 3 3 3 3 10 3 20 3 3 3 10 3 3 3 3 3 3 3 3 3 3 3 10 3 3 3 3 3 3 3 3 3 3 3 3 3 8 3 3 3 3 3 3 3 3 3 3 3 3 8 3 10 3 3 3 3 20 3 3 3 3 3 3 3 3 3 3 20 3 3 3 3 3 3 3 3 10 3 3 3 3 3 3 3 3 3 3 3 3 8 3 3 3 3 3 3 3 3 20 3 3 3 3 8 20 3 20 3 3 3 3 3 3 3 3 3 20 3 3 3 3 3 3 3 3 3 3 10 3 3 3 3 8 3 20 3 3 3 20 3 3 3 3 3 3 3 3 3 3 3 3 8 3 3 3 3 3 3 3 10 3 10 3 3
3 20 3 3 3 3 3 3 3 3 3 3 3 3 3 3 3 3 3 3 3 8 3 3 3 3 3 3 3 3 3 3 3 3 3 3 3 3 3 3 3 3 3 3 3 3 10 3 3 3 3 3 3 3 3 3 3 3 3 3 3 3 3 3 3 3 3 8 8 3 10 3 3 3 3 3 3 3 3 3 3 3 10 3 3 20 3 3 3 3 3 3 3 3 3 3 3 3 3 3 3 3 3 3 3 3 3 3 3 8 3 3 3 3 3 3 3 3 3 3 8 3 3 3 3 3 3 8 3 3 3 3 3 3 3 3 3 3 3 3 3 3 3 10 3 3 3 3 3 3 3 3 8 10 10 3 3 3 3 8 3 20 3 3 3 3 3 3 3 20 3 3 3 8 3 3 3 3 3 3 3 3 3 3 20 3 3 3 3 3 3 3 3 3 8 3 3 10 3 3 3 3 8 3 3 3 3 3 3 3 3 10 3 3 3 3 3 3 3 3 3 20 3 3 3 3 3 3 3 3 3 3 3 20 3 3 3 3 3 3 3 3 3 3 3 3 3 3 3 3 3 3 3 3 3 20
3 3 8 3 3 3 3 3 3 3 3 3 3 3 20 3 3 3 3 3 3 3 3 8 20 3 3 3 3 3 3 3 3 3 3 3 3 3 3 3 3 3 3 20 3 3 3 3 3 3 3 3 3 3 3 3 3 3 3 10 3 20 3 10 3 3 3 10 3 3 3 3 3 3 3 3 3 3 3 3 3 3 10 3 3 3 3 3 3 3 3 3 3 8 10 3 3 3 3 3 3 3 3 3 3 10 3 8 8 3 3 3 3 3 3 3 3 3 3 3 3 3 3 8 3 3 3 3 3 3 3 3 10 3 3 3 3 3 3 3 3 3 3 3 3 20 3 3 3 8 3 3 8 3 3 3 3 3 3 3 3 3 3 3 3 3 3 3 3 3 3 3 3 3 3 3 3 3 3 3 3 3 3 3 3 3 3 8 3 3 3 3 10 20 3 3 10 3 3 3 3 3 3 3 3 3 3 3 3 3 3 3 3 3 8 3 3 3 3 3 3 3 3 20 3 3 3 3 3 3 3 8 3 3 3 3 3 3 3 3 3 3 3 3 3 3 3 3 3 3 3 3 10 3 3 10
3 3 3 3 3 3 3 3 3 3 3 3 3 3 3 3 8 3 3 20 3 3 3 3 10 3 3 3 3 3 3 3 20 3 3 3 8 3 3 3 3 3 3 3 3 3 3 8 3 20 3 3 3 3 3 10 3 3 3 3 3 3 3 3 20 3 3 3 3 3 3 3 3 3 3 3 3 3 3 3 3 3 3 20 3 3 3 3 3 3 3 10 3 3 10 3 3 3 3 8 3 3 3 3 3 3 3 3 3 3 3 3 20 3 3 3 3 3 3 8 3 3 3 3 3 3 3 3 3 3 3 3 3 3 3 3 3 3 3 3 3 3 10 3 3 3 3 3 3 3 3 3 3 3 8 20 3 3 3 3 3 3 3 3 3 3 3 3 3 10 3 3 3 3 10 3 20 3 3 20 8 3 8 3 3 3 3 3 3 3 3 3 3 3 3 8 8 3 3 8 3 3 3 3 3 3 3 3 3 3 3 3 3 3 3 3 3 3 3 3 3 3 3 3 3 3 10 3 3 3 3 3 3 3 3 3 3 3 3 3 3 3 3 3 3 20 3 3 3 3 3 3 3 3 3 3
3 3 3 3 3 20 3 3 3 3 3 3 3 20 20 3 3 3 3 3 3 3 3 8 3 3 3 3 3 3 3 3 3 3 20 3 3 3 3 3 3 3 3 3 3 3 3 3 3 3 3 3 3 10 3 3 3 3 3 3 3 3 3 3 3 3 20 3 3 3 3 3 8 3 3 10 3 3 3 3 3 3 3 3 20 3 3 3 3 3 3 3 3 3 3 3 3 3 20 8 3 3 3 3 3 3 10 3 3 3 3 3 3 3 3 3 3 3 3 3 3 3 3 3 3 3 3 3 3 3 3 3 3 10 3 3 3 3 3 3 8 3 8 3 3 3 3 3 3 3 3 3 3 3 3 3 3 3 3 3 3 3 3 3 3 3 3 3 3 8 3 3 3 3 10 3 3 10 3 3 3 3 3 3 3 3 3 3 3 3 3 3 3 3 3 3 3 3 3 3 3 3 20 3 3 3 3 3 10 3 3 3 3 3 3 3 3 3 3 3 3 20 3 3 3 20 3 3 3 3 3 3 3 20 3 3 3 3 10 3 3 3 3 3 20 3 3 3 3 10 3 3 3 3 3 3
3 3 3 3 3 3 3 3 3 3 3 8 3 8 3 3 3 20 3 3 3 20 3 3 3 3 3 3 3 3 3 3 3 3 3 3 3 3 3 3 3 3 3 3 3 3 3 3 3 3 8 3 3 3 3 20 3 3 3 10 8 8 3 10 3 3 3 3 3 3 3 3 3 3 3 3 20 3 3 3 20 3 3 3 3 3 3 3 3 10 3 3 3 3 3 3 3 3 3 3 3 8 3 3 3 3 3 8 3 3 3 3 3 3 3 3 3 10 10 3 3 3 3 3 3 10 3 3 3 3 3 20 3 3 3 8 20 3 3 3 3 3 3 8 20 3 3 3 3 3 3 3 3 3 3 3 3 20 3 3 3 8 3 3 3 3 3 3 3 3 3 3 3 3 3 3 3 3 3 3 3 3 3 3 3 3 3 3 8 3 3 3 8 3 3 3 3 20 3 3 3 3 3 3 3 3 3 10 3 3 8 3 3 3 3 3 3 3 10 3 3 3 3 3 3 3 8 3 3 8 3 3 3 3 3 3 8 8 10 3 3 3 3 3 3 3 3 10 3 3 3 3 3 3 10 3
3 3 3 3 3 3 3 3 3 3 20 3 3 3 3 3 3 3 10 3 3 3 3 20 3 3 3 3 3 20 3 3 3 3 3 3 3 3 3 3 10 3 3 3 3 20 3 3 3 3 3 3 3 3 3 3 3 3 3 3 3 20 3 3 3 3 3 3 3 3 10 3 3 3 3 8 3 3 3 3 3 3 3 10 3 3 3 3 3 3 3 3 3 3 20 3 3 3 3 3 3 3 3 3 3 3 3 3 3 3 3 3 8 3 3 3 3 3 3 3 3 3 3 3 3 20 3 3 3 3 3 3 3 3 3 3 3 3 3 3 3 3 3 10 3 3 20 3 3 3 3 3 3 3 3 20 3 3 3 3 3 10 3 3 3 3 3 3 3 3 3 3 3 3 3 3 3 3 3 3 3 3 20 3 3 3 20 3 3 3 3 3 10 3 3 20 20 3 3 3 3 3 3 3 3 3 3 3 10 3 10 3 3 20 3 3 3 3 3 3 3 3 10 3 3 3 20 3 3 3 3 3 3 3 3 3 3 3 3 3 3 3 8 20 3 3 8 3 3 3 3 3 3 3 3 3
25 25 25 25 25 25 25 25 25 25 25 25 25 25 25 25 25 25 25 25 25 25 25 25 25 25 9 25 25 25 47 25 25 25 25 25 25 25 25 25 25 25 25 25 25 25 25 25 25 25 47 25 25 25 25 25 25 25 25 25 25 25 25 25 25 25 18 47 25 25 25 25 25 25 47 25 25 47 25 25 25 25 25 47 25 25 18 25 25 25 25 25 25 25 25 25 25 25 25 25 25 25 25 47 25 25 25 25 25 25 25 25 25 25 25 25 47 25 25 18 25 47 25 25 25 25 25 47 25 25 25 25 25 25 25 25 18 18 25 25 25 25 25 47 25 9 25 25 25 18 9 25 25 47 25 25 25 25 25 25 25 25 25 25 47 25 25 25 25 25 25 25 25 25 25 25 47 9 25 47 47 25 25 25 25 47 25 47 25 25 25 25 25 25 25 25 25 25 9 25 25 25 25 25 25 25 25 25 25 25 25 25 25 25 47 25 25 25 25 25 25 18 25 47 25 25 9 25 25 25 25 47 25 25 25 25 25 25 25 25 25 25 25 9 25 25 25 25 25 25 25 25 25 25 25 25
25 25 25 25 25 18 25 9 25 25 25 25 25 25 25 25 25 18 18 25 25 25 47 25 25 25 25 25 25 25 25 25 25 47 25 25 25 25 25 25 47 25 25 9 18 25 25 25 25 25 9 25 25 25 25 25 25 25 25 25 9 9 9 25 47 25 9 25 25 25 25 47 25 47 25 18 47 25 25 47 47 25 25 25 25 25 25 25 9 47 25 47 25 25 25 25 47 25 25 25 25 25 25 25 47 25 25 25 25 25 25 25 25 25 25 25 25 25 25 25 25 18 25 25 25 25 9 25 9 9 25 25 9 25 25 25 9 47 25 25 25 25 25 47 25 25 25 25 25 25 25 25 25 25 25 25 25 25 25 47 25 25 25 25 9 25 25 25 9 25 25 25 25 18 25 25 25 25 25 25 25 47 25 18 9 25 25 25 9 25 25 25 47 25 25 25 25 25 47 25 25 25 25 25 25 25 25 25 25 9 47 25 25 25 25 25 25 25 25 25 25 25 25 25 25 25 25 25 47 25 25 25 25 25 25 25 25 25 25 25 25 25 25 25 9 9 18 25 25 25 25 25 25 25 9 25
25 25 25 25 25 25 25 25 25 25 25 25 25 25 25 25 25 18 25 25 25 25 25 25 25 25 25 25 25 25 47 9 25 25 25 25 25 25 25 25 25 25 25 25 25 25 25 25 25 25 25 25 25 25 25 25 25 25 25 25 25 25 9 25 25 25 25 25 25 25 18 47 25 25 25 25 25 25 25 25 25 47 9 25 47 25 25 9 25 25 25 25 25 25 25 47 25 25 25 25 25 25 25 25 9 47 25 47 25 25 25 9 25 25 25 25 9 25 25 25 25 25 25 25 25 47 25 25 25 25 25 25 47 47 47 25 25 25 25 18 25 25 9 9 18 47 25 25 25 25 25 25 25 25 25 25 25 25 47 25 25 25 25 25 25 47 25 25 25 25 25 25 25 25 25 9 25 47 25 25 25 25 9 25 25 25 9 25 25 25 18 25 9 25 25 25 25 25 25 25 9 25 25 9 25 25 25 25 9 25 47 25 25 25 25 25 25 25 18 25 25 25 25 25 25 25 25 25 25 25 25 25 25 25 25 25 25 25 25 25 25 25 25 25 25 9 18 25 25 47 25 25 25 25 25 47
25 25 25 25 25 25 47 25 25 18 25 25 25 25 25 25 25 25 18 9 25 9 25 25 47 25 25 25 25 25 25 25 25 25 25 25 25 25 25 47 25 25 25 25 25 25 25 25 47 25 25 25 25 25 25 25 25 25 25 47 25 25 25 25 25 25 25 25 25 25 47 25 25 9 25 25 25 18 25 25 9 25 25 25 18 47 25 25 25 25 25 25 25 25 25 25 25 25 25 25 9 25 25 25 25 25 25 25 25 25 25 25 25 25 25 25 25 47 25 25 25 25 25 47 25 25 25 47 47 25 25 25 25 25 25 47 25 25 25 25 18 25 25 25 25 25 47 25 25 25 9 18 25 25 47 47 25 25 25 25 25 25 25 25 25 25 9 25 25 25 25 9 25 25 25 25 25 25 25 25 25 25 25 25 25 25 25 25 25 25 25 25 25 47 25 25 25 25 25 25 9 25 47 25 47 25 25 25 25 25 18 25 25 47 47 25 25 25 25 25 47 9 25 25 25 25 25 25 25 25 25 25 25 25 9 25 25 47 25 25 25 47 25 25 25 25 25 25 25 25 25 25 25 25 25 25
25 25 25 47 25 25 25 25 25 25 25 25 25 25 25 47 25 25 25 18 47 9 25 25 25 25 25 25 25 25 25 25 25 25 25 25 25 25 25 25 25 25 25 25 25 25 25 25 25 25 25 25 25 25 25 25 25 25 25 47 25 25 25 25 25 25 25 25 25 25 25 47 25 25 9 47 18 25 25 25 9 25 25 25 25 25 25 25 25 25 25 25 25 25 25 25 18 25 25 25 25 25 25 18 25 9 25 25 25 25 47 25 18 25 25 47 25 25 25 25 25 25 25 9 25 25 25 25 25 25 25 25 25 25 25 25 25 25 25 25 25 9 25 25 25 25 47 25 25 47 25 25 25 25 25 9 9 25 47 25 25 25 9 25 25 9 25 9 25 25 25 9 25 25 25 25 25 9 25 25 47 47 47 25 25 25 25 25 25 25 47 25 47 25 25 25 25 25 25 25 47 25 47 47 25 47 25 25 25 25 9 25 25 25 25 25 25 25 25 25 25 25 25 25 25 25 25 25 25 25 25 25 25 25 25 18 25 25 25 25 25 25 25 25 25 25 25 47 25 25 25 25 47 25 25 25
25 25 9 25 25 25 25 25 25 47 25 25 25 25 25 25 25 47 47 25 25 25 18 25 47 47 47 47 25 25 25 25 25 25 25 25 47 25 47 25 25 25 25 25 25 25 9 25 18 25 25 25 25 18 25 25 25 25 25 47 25 25 9 25 25 25 25 25 25 9 25 25 25 25 25 25 25 25 47 25 25 25 25 25 25 25 25 25 25 25 25 47 18 25 25 25 25 9 25 25 25 25 25 25 47 25 18 25 25 25 25 25 25 25 25 25 25 25 25 25 25 25 47 25 25 25 25 25 25 25 25 25 25 47 25 47 25 9 25 25 25 25 25 25 25 25 25 25 25 18 47 25 25 25 9 25 25 25 25 25 25 25 25 47 25 25 25 25 25 25 25 25 25 25 25 47 25 25 25 25 25 25 25 18 25 25 25 25 47 25 25 25 9 25 25 25 18 25 25 25 25 25 25 25 25 25 47 25 25 25 25 25 25 25 25 25 25 47 25 25 25 25 25 18 25 25 25 9 47 47 25 47 25 25 25 25 25 25 25 25 25 47 47 47 25 25 25 25 25 25 25 47 25 25 25 25
25 25 25 25 25 25 25 25 25 25 25 25 25 25 25 25 9 25 25 25 18 25 25 25 25 25 25 9 25 9 25 47 25 25 25 25 25 18 25 9 25 25 25 25 25 47 25 25 25 25 25 25 25 25 25 25 25 25 25 25 25 25 25 25 25 25 25 25 25 25 25 25 25 25 47 25 25 25 25 25 25 25 25 25 25 25 25 25 25 18 25 25 25 25 25 25 25 47 25 25 25 25 25 25 25 25 25 25 25 25 25 18 25 25 25 25 25 18 25 25 25 25 25 25 47 25 25 25 18 25 47 25 25 25 25 25 25 25 25 25 25 25 25 25 25 25 25 25 25 25 25 25 25 25 47 25 25 25 25 25 25 25 25 25 25 25 25 25 25 25 25 25 25 25 25 25 25 25 25 25 25 25 25 25 25 9 25 25 18 25 25 25 25 25 25 9 25 25 25 18 25 25 25 25 25 25 25 25 25 25 25 25 25 25 25 25 25 25 25 25 25 25 25 25 25 25 18 25 47 25 9 25 25 25 25 47 25 25 47 25 25 18 25 25 25 25 25 25 9 25 25 25 25 25 25 25
25 25 25 25 25 25 25 25 25 25 18 25 25 25 25 25 25 25 25 25 25 25 47 25 25 25 25 9 25 25 18 18 25 9 25 25 25 9 25 25 25 25 25 25 18 25 18 47 25 25 25 25 25 25 18 25 25 25 25 25 25 47 25 25 25 25 25 25 25 25 47 25 25 25 25 25 47 25 25 25 25 25 25 25 47 25 25 25 25 25 25 25 47 47 25 25 25 25 25 25 25 9 9 25 9 47 25 25 25 25 47 47 25 25 25 25 25 25 25 25 25 25 25 25 25 25 25 9 25 25 18 25 47 25 47 25 18 25 25 9 25 25 25 18 25 25 25 25 25 25 25 25 25 25 25 25 9 25 25 47 9 25 25 25 47 25 25 25 25 25 25 25 25 25 25 47 25 25 25 47 25 25 25 25 18 25 25 25 25 25 25 25 25 25 25 25 25 25 25 25 25 25 25 25 25 18 25 25 25 47 25 25 25 25 25 25 25 25 25 25 25 25 25 25 47 25 25 25 25 25 25 25 25 25 25 25 25 25 25 25 25 25 25 25 18 25 25 25 25 25 25 18 25 25 25 25
25 25 25 47 25 25 25 25 25 25 25 25 9 25 25 25 25 25 25 25 18 25 25 25 25 25 25 25 25 47 25 25 25 25 25 25 25 25 25 25 25 25 25 25 25 25 25 18 25 25 25 25 25 25 25 25 25 25 25 25 25 25 25 25 25 25 25 25 25 25 25 25 25 25 25 25 25 25 25 25 25 25 25 9 25 25 25 25 25 25 25 25 25 25 25 25 25 25 25 25 25 25 47 25 25 25 47 25 25 25 25 25 25 9 25 25 25 25 25 25 25 25 25 9 18 25 25 25 25 25 25 25 25 25 25 25 47 25 25 25 25 25 47 25 25 9 25 25 25 25 25 25 25 25 25 25 25 25 25 25 25 47 25 9 25 25 25 25 25 25 9 25 18 25 25 25 25 25 25 25 25 9 9 18 25 25 47 25 25 25 25 25 25 25 25 25 25 25 25 25 25 25 18 25 25 25 25 25 25 25 25 25 47 25 25 25 25 25 25 25 9 47 25 25 25 25 25 25 25 25 25 18 25 25 25 25 25 25 25 25 25 25 9 9 25 25 25 25 25 25 25 25 25 25 47 25
0 0 0 0 0 0 0 0 0 0 0 0 0 0 0 0 0 0 0 0 0 0 0 0 0 0 0 0 0 0 0 0 0 0 0 0 0 0 0 0 0 0 0 0 0 0 0 0 0 0 0 0 0 0 0 0 0 0 0 0 0 0 0 0 0 0 0 0 0 0 0 0 0 0 0 0 0 0 0 0 0 0 0 0 0 0 0 0 0 0 0 0 0 0 0 0 0 0 0 0 0 0 0 0 0 0 0 0 0 0 0 0 0 0 0 0 0 0 0 0 0 0 0 0 0 0 0 0 0 0 0 0 0 0 0 0 0 0 0 0 0 0 0 0 0 0 0 0 0 0 0 0 0 0 0 0 0 0 0 0 0 0 0 0 0 0 0 0 0 0 0 0 0 0 0 0 0 0 0 0 0 0 0 0 0 0 0 0 0 0 0 0 0 0 0 0 0 0 0 0 0 0 0 0 0 0 0 0 0 0 0 0 0 0 0 0 0 0 0 0 0 0 0 0 0 0 0 0 0 0 0 0 0 0 0 0 0 0 0 0 0 0 0 0 0 0 0 0 0 0 0 0 0 0 0 0
0 0 0 0 0 0 0 0 0 0 0 0 0 0 0 0 0 0 0 0 0 0 0 0 0 0 0 0 0 0 0 0 0 0 0 0 0 0 0 0 0 0 0 0 0 0 0 0 0 0 0 0 0 0 0 0 0 0 0 0 0 0 0 0 0 0 0 0 0 0 0 0 0 0 0 0 0 0 0 0 0 0 0 0 0 0 0 0 0 0 0 0 0 0 0 0 0 0 0 0 0 0 0 0 0 0 0 0 0 0 0 0 0 0 0 0 0 0 0 0 0 0 0 0 0 0 0 0 0 0 0 0 0 0 0 0 0 0 0 0 0 0 0 0 0 0 0 0 0 0 0 0 0 0 0 0 0 0 0 0 0 0 0 0 0 0 0 0 0 0 0 0 0 0 0 0 0 0 0 0 0 0 0 0 0 0 0 0 0 0 0 0 0 0 0 0 0 0 0 0 0 0 0 0 0 0 0 0 0 0 0 0 0 0 0 0 0 0 0 0 0 0 0 0 0 0 0 0 0 0 0 0 0 0 0 0 0 0 0 0 0 0 0 0 0 0 0 0 0 0 0 0 0 0 0 0
0 0 0 0 0 0 0 0 0 0 0 0 0 0 0 0 0 0 0 0 0 0 0 0 0 0 0 0 0 0 0 0 0 0 0 0 0 0 0 0 0 0 0 0 0 0 0 0 0 0 0 0 0 0 0 0 0 0 0 0 0 0 0 0 0 0 0 0 0 0 0 0 0 0 0 0 0 0 0 0 0 0 0 0 0 0 0 0 0 0 0 0 0 0 0 0 0 0 0 0 0 0 0 0 0 0 0 0 0 0 0 0 0 0 0 0 0 0 0 0 0 0 0 0 0 0 0 0 0 0 0 0 0 0 0 0 0 0 0 0 0 0 0 0 0 0 0 0 0 0 0 0 0 0 0 0 0 0 0 0 0 0 0 0 0 0 0 0 0 0 0 0 0 0 0 0 0 0 0 0 0 0 0 0 0 0 0 0 0 0 0 0 0 0 0 0 0 0 0 0 0 0 0 0 0 0 0 0 0 0 0 0 0 0 0 0 0 0 0 0 0 0 0 0 0 0 0 0 0 0 0 0 0 0 0 0 0 0 0 0 0 0 0 0 0 0 0 0 0 0 0 0 0 0 0 0
0 0 0 0 0 0 0 0 0 0 0 0 0 0 0 0 0 0 0 0 0 0 0 0 0 0 0 0 0 0 0 0 0 0 0 0 0 0 0 0 0 0 0 0 0 0 0 0 0 0 0 0 0 0 0 0 0 0 0 0 0 0 0 0 0 0 0 0 0 0 0 0 0 0 0 0 0 0 0 0 0 0 0 0 0 0 0 0 0 0 0 0 0 0 0 0 0 0 0 0 0 0 0 0 0 0 0 0 0 0 0 0 0 0 0 0 0 0 0 0 0 0 0 0 0 0 0 0 0 0 0 0 0 0 0 0 0 0 0 0 0 0 0 0 0 0 0 0 0 0 0 0 0 0 0 0 0 0 0 0 0 0 0 0 0 0 0 0 0 0 0 0 0 0 0 0 0 0 0 0 0 0 0 0 0 0 0 0 0 0 0 0 0 0 0 0 0 0 0 0 0 0 0 0 0 0 0 0 0 0 0 0 0 0 0 0 0 0 0 0 0 0 0 0 0 0 0 0 0 0 0 0 0 0 0 0 0 0 0 0 0 0 0 0 0 0 0 0 0 0 0 0 0 0 0 0
0 0 0 0 0 0 0 0 0 0 0 0 0 0 0 0 0 0 0 0 0 0 0 0 0 0 0 0 0 0 0 0 0 0 0 0 0 0 0 0 0 0 0 0 0 0 0 0 0 0 0 0 0 0 0 0 0 0 0 0 0 0 0 0 0 0 0 0 0 0 0 0 0 0 0 0 0 0 0 0 0 0 0 0 0 0 0 0 0 0 0 0 0 0 0 0 0 0 0 0 0 0 0 0 0 0 0 0 0 0 0 0 0 0 0 0 0 0 0 0 0 0 0 0 0 0 0 0 0 0 0 0 0 0 0 0 0 0 0 0 0 0 0 0 0 0 0 0 0 0 0 0 0 0 0 0 0 0 0 0 0 0 0 0 0 0 0 0 0 0 0 0 0 0 0 0 0 0 0 0 0 0 0 0 0 0 0 0 0 0 0 0 0 0 0 0 0 0 0 0 0 0 0 0 0 0 0 0 0 0 0 0 0 0 0 0 0 0 0 0 0 0 0 0 0 0 0 0 0 0 0 0 0 0 0 0 0 0 0 0 0 0 0 0 0 0 0 0 0 0 0 0 0 0 0 0
0 0 0 0 0 0 0 0 0 0 0 0 0 0 0 0 0 0 0 0 0 0 0 0 0 0 0 0 0 0 0 0 0 0 0 0 0 0 0 0 0 0 0 0 0 0 0 0 0 0 0 0 0 0 0 0 0 0 0 0 0 0 0 0 0 0 0 0 0 0 0 0 0 0 0 0 0 0 0 0 0 0 0 0 0 0 0 0 0 0 0 0 0 0 0 0 0 0 0 0 0 0 0 0 0 0 0 0 0 0 0 0 0 0 0 0 0 0 0 0 0 0 0 0 0 0 0 0 0 0 0 0 0 0 0 0 0 0 0 0 0 0 0 0 0 0 0 0 0 0 0 0 0 0 0 0 0 0 0 0 0 0 0 0 0 0 0 0 0 0 0 0 0 0 0 0 0 0 0 0 0 0 0 0 0 0 0 0 0 0 0 0 0 0 0 0 0 0 0 0 0 0 0 0 0 0 0 0 0 0 0 0 0 0 0 0 0 0 0 0 0 0 0 0 0 0 0 0 0 0 0 0 0 0 0 0 0 0 0 0 0 0 0 0 0 0 0 0 0 0 0 0 0 0 0 0
0 0 0 0 0 0 0 0 0 0 0 0 0 0 0 0 0 0 0 0 0 0 0 0 0 0 0 0 0 0 0 0 0 0 0 0 0 0 0 0 0 0 0 0 0 0 0 0 0 0 0 0 0 0 0 0 0 0 0 0 0 0 0 0 0 0 0 0 0 0 0 0 0 0 0 0 0 0 0 0 0 0 0 0 0 0 0 0 0 0 0 0 0 0 0 0 0 0 0 0 0 0 0 0 0 0 0 0 0 0 0 0 0 0 0 0 0 0 0 0 0 0 0 0 0 0 0 0 0 0 0 0 0 0 0 0 0 0 0 0 0 0 0 0 0 0 0 0 0 0 0 0 0 0 0 0 0 0 0 0 0 0 0 0 0 0 0 0 0 0 0 0 0 0 0 0 0 0 0 0 0 0 0 0 0 0 0 0 0 0 0 0 0 0 0 0 0 0 0 0 0 0 0 0 0 0 0 0 0 0 0 0 0 0 0 0 0 0 0 0 0 0 0 0 0 0 0 0 0 0 0 0 0 0 0 0 0 0 0 0 0 0 0 0 0 0 0 0 0 0 0 0 0 0 0 0
0 0 0 0 0 0 0 0 0 0 0 0 0 0 0 0 0 0 0 0 0 0 0 0 0 0 0 0 0 0 0 0 0 0 0 0 0 0 0 0 0 0 0 0 0 0 0 0 0 0 0 0 0 0 0 0 0 0 0 0 0 0 0 0 0 0 0 0 0 0 0 0 0 0 0 0 0 0 0 0 0 0 0 0 0 0 0 0 0 0 0 0 0 0 0 0 0 0 0 0 0 0 0 0 0 0 0 0 0 0 0 0 0 0 0 0 0 0 0 0 0 0 0 0 0 0 0 0 0 0 0 0 0 0 0 0 0 0 0 0 0 0 0 0 0 0 0 0 0 0 0 0 0 0 0 0 0 0 0 0 0 0 0 0 0 0 0 0 0 0 0 0 0 0 0 0 0 0 0 0 0 0 0 0 0 0 0 0 0 0 0 0 0 0 0 0 0 0 0 0 0 0 0 0 0 0 0 0 0 0 0 0 0 0 0 0 0 0 0 0 0 0 0 0 0 0 0 0 0 0 0 0 0 0 0 0 0 0 0 0 0 0 0 0 0 0 0 0 0 0 0 0 0 0 0 0
0 0 0 0 0 0 0 0 0 0 0 0 0 0 0 0 0 0 0 0 0 0 0 0 0 0 0 0 0 0 0 0 0 0 0 0 0 0 0 0 0 0 0 0 0 0 0 0 0 0 0 0 0 0 0 0 0 0 0 0 0 0 0 0 0 0 0 0 0 0 0 0 0 0 0 0 0 0 0 0 0 0 0 0 0 0 0 0 0 0 0 0 0 0 0 0 0 0 0 0 0 0 0 0 0 0 0 0 0 0 0 0 0 0 0 0 0 0 0 0 0 0 0 0 0 0 0 0 0 0 0 0 0 0 0 0 0 0 0 0 0 0 0 0 0 0 0 0 0 0 0 0 0 0 0 0 0 0 0 0 0 0 0 0 0 0 0 0 0 0 0 0 0 0 0 0 0 0 0 0 0 0 0 0 0 0 0 0 0 0 0 0 0 0 0 0 0 0 0 0 0 0 0 0 0 0 0 0 0 0 0 0 0 0 0 0 0 0 0 0 0 0 0 0 0 0 0 0 0 0 0 0 0 0 0 0 0 0 0 0 0 0 0 0 0 0 0 0 0 0 0 0 0 0 0 0
0 0 0 0 0 0 0 0 0 0 0 0 0 0 0 0 0 0 0 0 0 0 0 0 0 0 0 0 0 0 0 0 0 0 0 0 0 0 0 0 0 0 0 0 0 0 0 0 0 0 0 0 0 0 0 0 0 0 0 0 0 0 0 0 0 0 0 0 0 0 0 0 0 0 0 0 0 0 0 0 0 0 0 0 0 0 0 0 0 0 0 0 0 0 0 0 0 0 0 0 0 0 0 0 0 0 0 0 0 0 0 0 0 0 0 0 0 0 0 0 0 0 0 0 0 0 0 0 0 0 0 0 0 0 0 0 0 0 0 0 0 0 0 0 0 0 0 0 0 0 0 0 0 0 0 0 0 0 0 0 0 0 0 0 0 0 0 0 0 0 0 0 0 0 0 0 0 0 0 0 0 0 0 0 0 0 0 0 0 0 0 0 0 0 0 0 0 0 0 0 0 0 0 0 0 0 0 0 0 0 0 0 0 0 0 0 0 0 0 0 0 0 0 0 0 0 0 0 0 0 0 0 0 0 0 0 0 0 0 0 0 0 0 0 0 0 0 0 0 0 0 0 0 0 0 0
0 3 0 0 0 0 3 0 3 3 0 0 3 3 0 0 0 3 0 0 0 0 3 0 0 0 0 0 0 3 0 0 0 0 0 0 0 0 3 3 3 0 0 0 0 0 0 0 0 3 0 0 3 0 0 0 0 0 3 0 0 0 0 0 0 0 3 0 0 3 0 3 0 3 3 0 0 0 3 0 0 0 0 0 0 0 3 0 3 3 0 3 0 0 3 0 3 0 3 0 3 3 3 0 0 0 0 0 0 0 3 0 0 0 3 3 0 0 0 0 0 0 0 3 0 0 0 3 0 0 3 0 0 0 0 3 0 0 0 0 0 0 0 0 0 0 0 0 0 0 3 3 0 0 0 0 0 0 0 0 0 0 3 0 0 3 0 0 17 0 0 0 0 0 0 0 0 0 0 3 0 0 0 0 0 3 3 0 0 0 0 0 0 0 3 0 0 3 0 0 3 0 0 0 3 0 17 3 3 3 0 0 0 3 0 0 0 0 3 0 3 0 3 0 0 0 0 0 0 3 3 0 0 0 3 0 0 3 3 0 0 0 17 0 0 0 0 3 3 0 0 0 0 0 17 0
0 3 3 0 0 0 3 3 3 17 0 0 3 3 0 0 3 3 0 0 0 0 3 0 3 0 0 0 3 3 0 0 0 3 0 0 0 0 3 3 17 17 0 0 0 3 0 0 3 3 0 0 3 0 0 0 0 0 3 0 0 0 0 0 3 0 3 0 0 3 3 3 0 3 3 0 0 3 3 0 0 3 0 3 0 0 3 3 17 3 0 3 0 3 3 0 3 0 3 0 17 3 3 0 0 0 0 0 0 0 3 0 3 0 3 3 3 3 0 3 0 3 0 3 3 0 3 17 17 0 3 0 0 0 0 3 17 3 3 17 3 0 3 0 0 0 0 0 0 3 3 3 0 0 0 3 0 0 0 3 0 3 3 3 0 3 0 3 3 0 0 0 3 0 0 0 0 0 0 3 0 0 0 0 0 3 3 0 0 0 0 0 0 0 3 3 0 3 0 0 3 0 3 0 3 3 3 3 3 3 3 0 3 3 3 0 3 0 3 0 3 0 3 0 0 3 0 0 0 3 3 0 0 0 3 0 0 3 3 0 0 3 3 0 0 0 3 3 3 0 0 0 3 0 3 3
3 3 3 0 3 3 3 3 3 3 0 0 3 17 3 3 3 3 0 0 0 0 3 3 3 3 0 0 3 3 3 3 0 3 0 0 0 0 3 3 3 3 3 3 0 3 0 0 17 3 0 0 3 3 0 0 0 0 3 3 0 0 0 3 17 0 3 3 0 3 3 3 0 3 3 0 0 3 17 3 0 3 0 17 0 0 3 3 3 3 0 3 0 3 3 0 3 0 3 0 3 3 17 0 0 0 3 0 0 3 3 3 3 0 3 3 3 3 0 3 0 3 0 3 3 0 3 3 3 0 3 3 0 0 0 3 3 3 3 3 3 0 3 0 0 0 0 3 0 3 3 3 3 3 0 3 0 0 0 3 0 3 3 3 0 3 0 3 3 3 3 0 17 3 0 0 3 3 3 3 3 3 0 0 0 3 3 0 0 0 0 3 3 3 3 3 3 3 3 0 3 0 3 0 17 3 3 3 3 3 3 3 3 3 3 3 3 0 3 3 3 0 3 0 0 3 0 0 0 3 3 3 3 3 3 0 0 3 3 0 0 3 3 3 3 0 3 3 3 0 3 0 3 17 3 3
17 3 3 3 3 3 3 3 17 3 0 0 3 3 3 17 3 3 0 0 3 3 3 3 3 3 0 0 17 17 17 3 0 3 0 3 0 0 3 3 3 3 17 3 3 3 3 3 3 3 0 0 3 3 3 3 3 3 3 3 0 0 3 3 3 3 3 3 0 3 3 3 3 3 3 0 3 3 3 3 3 3 3 3 0 0 3 3 3 3 0 3 0 3 17 0 3 0 3 3 3 3 17 3 3 0 3 0 3 3 3 3 3 3 3 3 3 3 0 3 3 3 0 3 3 0 3 3 17 0 3 17 0 3 3 3 3 3 3 3 3 0 3 0 3 0 3 3 0 3 3 3 3 3 0 3 3 0 3 17 3 3 3 3 0 3 0 3 3 3 3 3 3 3 0 3 3 3 3 3 3 3 3 0 0 3 3 3 0 0 3 3 3 3 3 17 3 3 3 3 3 0 17 3 3 3 3 3 3 3 3 3 3 3 3 3 3 0 3 3 3 0 3 3 3 3 0 3 0 3 3 17 3 3 3 0 0 3 3 3 3 3 3 3 3 3 3 3 3 0 3 3 3 3 3 3
3 3 3 3 3 3 3 3 3 3 3 3 3 3 3 3 3 3 3 3 3 3 3 3 3 3 3 3 3 3 3 3 3 3 3 3 3 3 3 3 3 3 3 3 3 3 3 3 3 3 3 17 3 3 3 3 3 3 3 3 3 17 3 3 3 3 3 3 3 3 3 3 3 17 17 3 3 3 3 17 3 3 17 3 3 3 3 3 3 3 3 3 3 3 3 3 3 3 3 3 17 17 3 3 3 17 3 3 3 3 3 3 3 3 3 3 3 3 3 3 3 17 3 3 3 3 3 3 3 3 3 3 3 3 3 3 3 3 3 3 3 3 3 3 17 3 3 3 3 3 3 3 3 3 3 3 3 3 3 3 3 3 3 3 3 3 3 3 3 3 3 3 3 3 3 3 3 3 3 3 17 3 3 3 3 17 3 3 3 17 3 3 3 3 3 3 3 3 3 3 3 3 3 3 3 3 3 3 3 17 3 17 3 3 3 3 3 3 3 3 3 3 3 17 3 3 3 17 3 3 3 3 3 3 3 3 17 3 3 17 3 3 3 3 17 3 3 3 3 3 3 3 3 3 3 3
3 3 3 3 3 3 3 3 3 3 3 3 3 17 3 3 17 3 3 17 3 17 3 3 3 17 3 3 3 17 3 3 3 3 3 3 3 3 3 3 3 3 3 17 3 3 3 3 3 3 3 3 3 3 3 17 3 3 3 17 3 17 3 3 3 17 3 3 3 3 17 3 3 3 3 3 3 3 3 17 3 3 3 3 3 3 3 3 3 17 3 3 3 3 3 3 3 3 3 17 3 3 3 3 3 3 3 3 17 3 3 3 3 17 3 3 3 3 3 3 3 3 17 3 3 3 3 3 3 3 3 3 3 3 3 3 3 3 17 3 3 3 3 17 3 3 3 3 3 3 3 3 3 3 3 17 17 3 3 3 3 3 3 3 3 3 3 3 17 3 3 3 3 3 3 3 3 3 3 3 3 3 3 17 3 3 3 3 17 3 3 3 17 3 3 17 3 17 17 3 17 17 17 3 17 3 3 3 3 3 3 3 3 3 3 3 3 3 3 3 3 3 3 3 17 3 3 17 3 3 3 3 3 3 3 3 3 3 3 3 3 3 3 3 3 17 3 3 3 3 3 3 17 3 3 3
3 3 17 3 3 3 3 3 3 3 17 3 3 3 3 3 3 3 3 3 3 3 17 3 17 3 3 3 3 3 3 3 3 3 3 3 3 3 17 3 3 17 17 3 3 3 3 3 3 3 3 3 3 3 3 3 3 3 3 3 3 3 3 3 3 17 3 3 3 3 3 3 3 3 3 3 3 17 17 3 3 3 3 3 3 3 3 3 3 3 3 3 3 3 3 3 3 3 3 17 3 3 3 3 3 3 3 3 17 3 3 3 17 3 3 3 3 3 3 3 3 3 3 3 3 17 3 3 3 3 3 3 3 3 3 3 3 3 3 3 3 3 3 17 17 3 17 3 3 3 3 3 17 3 3 3 3 3 17 3 3 3 3 3 3 3 3 3 3 17 17 3 3 3 3 3 3 3 3 17 17 3 3 3 3 3 3 3 17 3 3 3 3 3 3 3 17 3 3 3 3 3 3 3 3 3 17 3 3 3 3 3 3 17 3 3 3 3 17 3 3 3 3 17 3 3 3 17 17 3 17 3 3 3 3 3 3 3 3 3 3 3 3 3 3 3 3 3 3 3 3 3 3 3 3 3
3 3 3 3 3 3 3 3 3 3 3 3 17 3 3 3 3 3 3 3 3 17 17 17 3 3 3 3 3 3 3 3 3 3 3 3 3 17 3 3 3 3 3 17 3 3 3 3 3 3 3 3 17 3 3 3 3 3 3 3 3 3 3 3 3 3 3 3 3 3 3 3 3 3 17 3 3 17 3 3 3 3 3 3 3 3 3 3 3 3 3 3 3 3 3 3 3 3 3 17 3 3 3 3 3 3 3 17 3 17 3 3 3 3 3 3 3 3 3 3 3 3 3 3 3 3 3 3 3 3 3 3 3 3 3 3 3 17 3 3 3 3 3 3 3 3 3 3 3 3 3 3 3 3 3 3 3 3 3 3 3 3 3 3 3 3 3 3 3 3 3 3 3 3 3 3 3 3 3 3 3 3 3 3 3 3 3 3 3 3 3 3 3 3 3 3 3 3 3 3 3 3 3 3 3 17 3 3 3 3 3 3 3 3 3 17 3 3 3 3 3 3 3 3 3 3 3 3 3 3 3 3 3 3 3 3 3 17 3 3 3 3 3 3 3 3 3 3 3 3 3 3 3 3 3 17
3 3 17 3 3 3 3 3 3 3 3 3 17 3 3 3 3 3 3 3 3 3 3 3 3 3 3 3 17 3 3 17 3 3 3 3 3 3 3 3 3 3 3 17 17 3 3 3 3 3 3 3 3 3 3 3 3 3 3 17 17 3 3 3 3 17 3 3 3 3 3 3 3 3 3 3 3 3 3 3 3 3 3 3 3 3 3 3 17 17 3 3 17 3 3 3 3 3 3 3 3 3 3 3 3 3 17 3 3 3 3 3 3 3 3 3 3 3 3 17 3 3 3 17 3 17 3 3 3 3 3 3 3 3 3 3 3 3 3 3 3 3 3 3 3 3 3 3 3 3 3 3 3 3 3 3 3 3 3 3 3 3 3 3 3 3 3 3 3 17 3 3 3 3 3 3 3 3 3 3 3 3 3 3 3 3 3 3 3 17 3 3 3 3 3 3 3 3 3 3 3 3 3 3 3 17 3 3 3 3 3 3 3 3 3 3 3 3 17 3 3 3 3 3 3 3 3 3 17 3 3 3 3 3 3 3 3 3 3 3 3 3 3 3 3 3 3 3 3 17 3 3 3 3 17 3
3 3 3 17 3 3 3 3 3 3 3 3 3 3 3 17 3 3 3 3 3 3 3 3 3 3 17 3 3 3 3 3 3 3 3 3 3 3 3 3 3 3 3 3 3 3 3 3 3 3 3 3 3 3 3 3 3 3 3 3 17 3 3 17 3 3 3 3 3 3 3 3 3 3 3 3 3 3 3 3 3 3 3 3 3 3 3 17 3 3 3 3 3 17 3 3 3 3 3 17 3 3 3 3 3 3 3 3 3 17 3 3 3 3 3 3 17 3 3 3 3 3 3 3 17 3 3 3 3 3 3 3 3 3 3 3 3 3 3 3 3 17 3 3 3 3 3 3 3 3 3 3 3 3 3 3 3 3 3 3 17 3 3 3 3 3 3 3 3 17 3 3 3 3 3 3 3 3 3 3 3 3 3 3 3 3 3 3 3 3 3 3 3 3 17 3 3 3 3 3 3 3 17 3 17 3 3 3 3 3 3 3 3 17 3 3 3 3 3 3 3 3 17 17 3 3 3 3 3 3 3 3 3 3 3 3 3 17 3 3 3 3 3 3 3 3 3 3 3 3 3 3 3 3 3 17
3 3 3 3 3 3 3 17 3 3 3 3 3 3 3 3 3 3 3 3 3 3 3 3 3 3 3 3 3 3 17 3 3 3 3 17 3 3 3 3 17 3 3 3 3 3 3 3 3 3 3 3 3 3 3 3 3 17 3 3 3 3 3 3 3 3 3 3 17 3 3 17 3 3 3 3 3 3 3 3 3 17 3 17 17 17 3 3 17 17 3 3 3 3 3 3 3 3 3 3 3 3 3 3 3 3 3 3 3 3 3 3 3 3 3 3 3 3 3 3 3 3 3 3 3 3 3 3 3 3 3 3 3 3 3 3 3 3 17 3 3 3 3 17 3 3 3 17 3 3 3 3 3 3 3 3 17 3 3 3 3 3 3 17 3 3 3 3 3 3 3 3 3 3 3 3 3 3 3 3 17 3 3 3 17 3 3 3 3 3 3 3 3 3 17 3 3 3 3 3 3 3 3 3 3 3 3 3 3 3 3 3 3 3 3 3 3 3 3 3 3 3 3 3 3 3 3 17 17 3 3 3 3 3 17 3 3 3 3 3 3 3 3 3 3 3 3 17 3 3 3 3 3 3 3 3
17 3 3 3 3 3 3 3 3 3 3 3 3 3 3 3 3 3 3 3 3 3 3 3 3 3 3 3 3 3 3 3 17 3 3 3 3 3 3 3 3 3 3 3 3 3 3 3 3 3 3 3 3 3 3 3 3 3 17 3 3 3 3 3 17 17 3 3 3 3 17 3 17 3 3 3 3 3 3 3 3 3 3 3 3 3 3 17 3 3 3 17 3 3 3 3 3 3 3 17 3 3 3 3 3 3 3 3 3 3 3 3 3 17 3 17 3 3 3 3 3 3 3 3 3 3 3 3 3 3 3 3 3 3 3 3 3 3 3 3 17 3 3 3 3 3 3 3 3 3 3 3 17 3 3 3 17 3 3 3 3 3 3 3 3 3 3 3 17 3 3 3 3 3 3 3 3 3 3 3 17 3 3 17 3 3 3 3 3 3 3 3 3 3 3 3 3 3 3 3 3 17 3 3 3 3 3 3 3 3 3 3 3 3 3 17 3 3 3 3 3 3 3 3 3 17 3 3 3 3 17 3 3 3 3 3 3 3 3 3 3 3 3 3 3 3 3 3 3 3 3 3 3 3 3 3
3 3 3 3 3 3 3 3 3 3 3 3 3 3 3 17 3 3 3 3 3 3 3 3 3 3 3 3 3 17 3 3 3 3 3 3 3 3 3 3 3 17 3 3 3 3 3 3 3 3 3 3 3 3 3 3 3 3 3 3 3 3 3 3 3 3 3 3 3 3 3 3 3 3 3 3 3 3 3 3 3 3 3 3 3 3 3 3 3 3 3 3 3 3 3 3 17 3 3 3 3 3 3 17 17 17 3 3 3 3 17 17 3 3 3 3 3 3 3 3 17 3 3 3 3 3 3 3 3 17 3 3 3 3 3 3 3 3 17 3 3 3 3 3 3 3 3 3 3 3 3 3 3 3 3 3 3 3 3 3 17 3 3 3 3 3 3 3 3 3 3 3 3 3 3 3 3 3 3 3 3 3 3 3 3 3 3 3 3 3 3 3 3 3 3 3 3 3 3 3 3 3 3 3 3 3 17 3 3 3 3 3 3 3 3 3 3 3 3 3 3 3 3 3 3 3 3 3 3 3 3 3 3 3 3 3 3 3 3 3 3 3 3 3 3 3 3 3 3 17 3 3 3 3 3 17
3 3 17 3 3 3 17 3 3 3 17 3 3 17 3 3 17 3 3 3 3 3 3 17 3 3 3 17 17 3 3 3 3 3 3 3 3 3 3 3 3 3 3 3 3 3 3 3 3 3 3 3 3 3 3 3 3 3 3 3 3 3 3 17 3 3 3 17 3 3 3 3 3 3 17 3 3 3 3 3 3 3 3 3 3 3 3 3 3 3 3 3 3 3 3 3 3 3 3 3 3 3 3 3 3 3 3 3 3 3 3 17 3 3 3 3 3 3 3 3 21 21 21 21 21 21 21 21 21 21 21 21 21 21 3 3 3 3 3 3 3 3 3 3 3 3 3 3 3 3 3 3 3 3 3 3 3 3 3 3 3 3 3 3 3 3 3 3 3 3 3 3 3 3 17 3 3 3 3 3 3 17 3 3 3 3 3 3 17 3 3 3 3 17 3 3 3 17 3 3 3 3 3 3 3 3 3 17 3 3 3 3 3 3 3 3 17 3 3 3 3 3 3 17 17 3 3 3 3 3 3 17 3 3 3 3 17 3 3 3 3 3 3 3 3 3 3 3 3 3 3 3 3 3 3 3
3 17 3 3 3 3 3 3 3 3 3 3 3 3 3 3 3 3 3 3 3 3 3 3 17 3 3 3 3 3 3 3 3 17 3 17 17 3 3 3 3 3 3 3 3 3 3 3 3 3 3 3 17 3 3 3 3 3 3 3 3 3 3 3 3 3 17 3 3 3 3 3 3 3 3 3 3 3 3 3 3 3 17 3 17 3 3 3 17 3 3 3 3 3 3 3 3 3 3 3 3 3 17 17 3 3 3 3 3 17 3 3 3 3 3 3 3 3 3 17 21 0 0 0 0 0 0 0 0 0 0 0 0 21 3 3 3 3 3 3 3 3 3 3 3 3 3 17 3 3 3 3 3 3 3 3 3 3 3 3 3 3 3 3 17 3 3 3 3 3 3 17 3 3 3 3 3 3 3 3 3 3 3 17 3 3 17 3 3 3 3 3 3 3 3 3 3 3 3 3 3 3 3 3 3 3 17 3 3 3 3 3 3 3 3 3 17 3 3 3 17 3 3 3 3 3 3 3 3 3 3 3 3 17 3 3 3 17 3 3 3 3 3 3 3 3 3 3 3 3 3 3 3 3 3 3
3 3 17 3 3 3 3 3 3 3 3 3 3 3 3 3 3 3 3 3 17 3 3 3 3 3 17 17 3 3 3 3 3 3 3 3 3 3 3 3 3 3 17 3 3 3 3 3 3 3 3 3 3 3 3 3 3 3 3 3 3 3 3 3 3 3 3 3 3 3 3 17 3 3 3 3 3 3 3 3 3 3 3 3 3 3 3 17 3 3 3 17 3 3 3 3 3 3 3 3 3 3 3 17 17 3 17 3 3 3 3 17 3 3 3 3 3 3 3 17 21 0 0 0 0 0 0 0 0 0 0 0 0 21 3 3 3 3 3 3 3 3 3 3 17 3 3 3 3 3 3 3 3 3 3 3 3 3 17 3 3 3 3 3 3 3 3 3 3 3 3 17 3 3 3 3 17 3 3 3 3 3 3 3 3 3 3 3 3 3 21 21 21 21 21 21 21 21 21 21 21 3 3 3 17 17 3 3 3 3 3 3 3 3 3 3 3 3 3 3 3 3 3 17 3 17 3 3 3 3 3 3 3 3 3 3 3 3 3 3 3 3 3 3 17 17 3 3 3 3 3 3 3 3 3 3
3 3 3 3 3 3 3 3 3 3 3 3 3 3 3 3 3 3 3 3 3 17 3 3 3 3 3 3 3 3 3 3 3 3 3 3 17 3 3 3 3 3 3 3 3 17 3 3 3 17 3 3 17 3 3 3 3 3 3 3 3 3 3 3 3 3 3 3 3 3 3 3 3 3 3 3 3 3 3 3 3 3 3 17 3 3 3 3 17 3 3 3 3 3 3 3 17 3 3 3 17 3 3 3 3 3 3 3 17 3 3 3 17 3 3 3 3 3 3 17 21 0 0 0 0 0 0 43 0 0 0 0 0 21 3 3 3 3 3 17 3 3 17 3 3 3 3 3 3 3 17 17 3 3 3 3 3 3 3 3 3 3 3 17 3 3 3 3 3 3 3 3 3 3 3 3 3 3 3 17 3 3 3 3 3 3 3 3 3 3 21 0 0 0 0 0 0 0 0 0 21 3 3 3 3 3 3 3 3 3 3 3 3 3 3 3 3 3 3 3 3 3 3 3 3 3 3 3 3 17 17 3 17 3 3 3 3 3 3 3 3 3 3 3 3 3 3 3 3 3 3 3 3 3 3 3
3 17 3 3 3 3 3 3 3 3 3 3 3 3 3 3 3 3 3 3 3 3 17 3 3 3 17 3 3 3 3 17 3 3 3 3 3 3 3 3 3 3 3 3 3 3 3 3 3 3 3 3 3 3 3 3 3 3 3 3 17 3 3 3 3 3 3 3 3 17 3 3 3 3 3 3 3 3 3 3 3 3 3 3 3 3 3 3 3 3 17 3 3 3 3 3 3 3 3 3 3 3 3 17 3 3 3 3 3 3 3 3 3 3 3 3 3 3 3 3 21 21 21 21 21 21 21 21 21 21 21 21 21 21 3 3 3 3 3 3 3 3 3 3 3 3 17 3 3 3 3 3 3 3 3 3 3 3 3 3 3 3 3 3 3 17 3 3 3 3 3 3 3 3 3 3 3 3 3 17 3 3 3 3 3 3 3 3 17 3 21 0 0 0 0 0 0 0 0 0 21 3 3 3 3 3 3 3 3 17 3 3 3 3 3 17 3 3 3 3 3 3 3 3 3 21 21 21 21 21 21 21 21 21 21 17 3 17 3 3 3 3 3 17 3 3 3 3 3 3 3 3 3 3 3 3
3 3 3 3 3 3 17 3 3 3 3 3 3 3 17 3 3 3 3 3 3 3 3 3 3 3 17 3 3 3 3 3 3 3 3 3 3 3 3 3 3 3 3 3 3 3 3 3 3 3 3 3 3 3 3 3 3 3 3 3 3 3 3 3 3 3 3 3 3 3 3 3 3 3 17 3 3 17 3 3 3 17 3 3 3 3 3 3 3 3 3 3 3 3 3 3 3 3 3 3 3 3 3 3 3 3 3 3 3 3 3 3 3 3 3 3 17 3 3 3 3 3 3 3 17 3 17 3 3 3 3 3 17 3 17 3 3 3 3 3 3 17 3 3 3 3 3 3 17 3 3 3 17 3 3 3 3 3 3 3 3 3 3 3 17 3 3 3 17 3 3 3 3 3 3 3 3 3 3 3 3 3 3 3 3 3 3 3 3 3 21 0 0 0 0 0 0 0 0 0 21 3 3 17 3 3 3 17 3 3 3 3 3 3 3 3 3 3 17 3 3 3 3 3 3 21 0 0 0 0 0 0 0 0 21 3 17 3 3 3 3 3 3 3 3 17 3 17 3 3 3 17 3 3 3 3
3 3 3 3 17 3 3 3 3 3 3 3 3 3 3 3 3 3 3 3 3 17 3 3 3 3 17 3 3 3 3 3 3 3 3 3 3 3 3 3 3 3 17 3 3 3 3 17 3 3 3 3 3 3 3 3 3 3 3 3 3 3 3 3 3 3 3 17 3 3 3 3 3 3 3 3 3 3 17 3 3 3 3 3 3 3 3 3 17 17 3 3 3 3 3 17 3 3 3 3 3 3 3 3 3 3 3 3 3 3 3 3 3 3 3 3 3 3 3 3 3 3 3 3 3 3 3 3 3 3 3 3 3 3 3 3 3 3 3 3 3 3 17 3 17 3 3 3 3 3 3 3 3 3 17 3 3 3 3 3 3 3 3 3 3 3 3 3 3 3 3 17 17 3 17 3 3 3 3 3 3 3 3 3 3 3 3 3 17 3 21 0 0 0 0 0 0 0 0 0 21 3 3 3 3 3 3 3 3 3 3 3 3 3 3 3 3 3 3 3 3 3 3 3 17 21 0 0 0 0 0 0 0 0 21 3 3 3 3 3 3 3 3 3 3 3 3 3 3 3 3 3 3 3 3 3
3 3 3 3 3 3 3 3 3 3 3 3 3 3 3 3 3 3 3 3 3 3 3 3 3 3 3 3 3 3 3 3 3 3 17 3 3 3 3 3 17 3 3 3 3 3 3 3 3 3 3 3 3 3 3 3 3 17 3 3 17 3 3 3 3 3 3 3 3 3 3 3 3 3 3 3 3 3 17 3 3 3 3 3 3 3 17 3 3 17 3 3 3 3 3 3 3 3 17 3 3 3 3 3 3 3 3 17 3 3 3 3 3 3 3 3 3 3 3 3 3 3 3 3 3 3 3 3 3 3 3 3 3 17 3 3 3 3 3 3 3 3 3 3 3 3 3 3 17 3 3 3 3 3 3 3 3 3 3 3 3 3 3 3 3 3 3 3 17 3 3 3 3 3 3 17 3 3 3 3 3 3 17 3 3 17 3 3 3 3 21 0 0 0 0 43 0 0 0 0 21 17 3 3 3 3 3 3 3 3 3 3 3 3 3 3 3 3 3 3 3 3 3 3 3 21 0 0 0 0 0 0 0 0 21 3 3 3 3 3 3 3 3 3 3 3 3 3 3 3 3 17 3 17 3 3
3 3 3 3 3 17 3 17 3 3 3 3 3 3 3 3 17 3 3 3 3 3 3 3 3 3 3 3 3 3 3 3 3 3 3 3 3 17 3 3 3 17 3 3 3 3 3 3 3 17 3 3 3 3 3 3 3 3 3 3 3 3 3 3 3 3 3 3 3 3 3 3 3 3 3 3 3 3 3 3 3 3 17 3 3 3 3 17 3 3 3 3 3 3 3 3 3 3 3 3 3 3 17 3 3 17 17 3 3 3 3 3 3 3 3 3 3 3 3 17 3 3 3 3 3 3 3 3 3 3 3 3 3 3 3 3 3 3 3 3 3 3 3 3 3 3 3 17 3 3 3 3 3 3 3 21 21 21 21 21 21 21 21 21 21 21 3 3 3 3 3 3 3 17 17 3 3 3 3 3 17 3 3 3 17 3 3 3 3 3 21 21 21 21 21 21 21 21 21 21 21 3 3 17 3 3 3 3 3 3 3 17 3 3 3 3 3 3 3 3 3 3 3 3 17 21 0 0 0 0 0 0 0 0 21 3 3 3 3 3 3 3 3 3 17 3 17 3 3 3 3 17 3 3 3 3
3 3 3 3 3 3 3 3 3 3 3 17 3 3 3 21 21 21 21 21 21 21 21 21 21 21 21 21 21 3 3 3 3 3 3 3 3 3 3 3 3 3 3 3 3 3 3 3 3 3 3 3 3 3 3 3 3 3 3 3 3 3 3 3 3 3 3 3 3 3 3 3 3 17 3 3 3 3 3 3 3 3 3 17 3 3 3 3 3 3 3 3 3 3 3 3 3 3 3 3 3 17 3 3 3 3 3 3 3 3 3 3 3 3 3 3 3 3 3 3 3 3 3 3 3 3 3 3 3 3 3 3 3 3 3 3 3 3 3 3 3 3 3 3 3 3 3 3 17 3 3 3 3 3 3 21 0 0 0 0 0 0 0 0 0 21 3 3 17 3 3 3 3 17 3 3 3 3 3 3 3 3 3 3 3 3 3 3 3 3 3 3 3 3 3 3 3 3 17 3 3 3 3 3 17 3 3 17 3 3 3 17 3 3 3 17 3 3 3 3 3 3 3 3 3 21 0 0 0 0 43 0 0 0 21 3 3 17 3 3 3 3 3 3 3 17 3 3 3 3 3 3 3 3 3 3
3 3 3 3 3 3 3 3 3 3 3 3 3 3 3 21 0 0 0 0 0 0 0 0 0 0 0 0 21 3 3 3 3 3 3 3 17 3 3 3 3 17 3 3 3 3 3 3 3 3 3 3 3 3 3 3 3 3 3 3 3 3 3 3 3 3 3 17 3 3 3 3 3 17 3 17 3 3 17 3 3 3 3 3 3 3 3 3 17 3 3 3 3 3 3 3 3 3 3 3 3 3 3 3 3 3 3 3 3 3 3 3 3 3 3 3 3 3 3 3 3 3 3 3 3 3 3 3 3 3 3 3 3 3 17 3 17 3 3 3 3 3 3 3 3 3 3 3 17 3 3 17 3 3 3 21 0 0 0 0 0 0 0 0 0 21 3 3 3 3 3 3 3 3 3 3 3 17 3 3 3 3 3 3 3 3 3 3 3 3 3 3 3 3 3 3 17 17 3 3 17 3 3 3 3 3 3 3 3 3 3 3 3 3 17 3 3 3 3 3 3 3 17 3 3 21 21 21 21 21 21 21 21 21 21 17 3 3 3 3 3 3 3 3 3 17 3 3 3 3 3 3 3 3 3 3
3 3 3 3 3 3 3 3 3 3 17 3 3 17 3 21 0 0 0 0 0 0 0 0 0 0 0 0 21 3 3 17 17 3 3 3 3 3 3 3 3 3 3 3 3 3 3 3 3 3 3 3 3 3 3 3 3 3 17 3 3 3 3 3 3 3 3 3 3 3 17 3 3 3 3 3 3 3 3 3 3 3 3 3 3 17 3 3 3 3 3 17 3 3 3 3 3 3 3 3 3 3 3 3 3 3 3 3 3 3 3 3 3 3 3 3 17 3 3 3 17 17 3 3 3 3 3 3 3 3 3 17 3 3 3 3 3 17 3 3 3 3 3 3 17 3 17 17 3 3 3 3 3 3 17 21 0 0 0 0 0 0 0 0 0 21 3 3 3 3 3 3 3 3 3 3 3 3 3 3 3 3 3 3 3 3 3 3 3 3 3 3 3 3 3 3 3 3 3 3 3 3 3 3 17 3 3 3 3 3 3 3 3 3 3 3 3 3 3 3 3 3 3 3 3 3 3 3 3 3 17 3 3 3 17 3 3 3 3 3 3 3 3 17 3 3 3 3 3 3 3 3 3 3 3 3
3 3 3 3 3 3 3 3 3 3 3 17 3 3 3 21 0 0 0 0 0 0 0 0 0 0 0 0 21 3 3 3 17 17 3 3 3 3 3 3 17 3 3 3 3 17 3 3 3 3 3 3 3 3 3 17 17 3 3 3 3 3 3 3 3 3 3 3 3 3 3 3 3 17 3 17 3 3 3 3 3 3 3 3 3 3 3 3 3 3 3 3 3 3 3 3 3 3 3 3 3 3 3 3 3 3 3 3 3 3 3 3 3 17 3 3 3 17 3 3 3 3 3 3 3 3 3 3 3 3 3 17 3 3 3 3 3 3 3 3 17 3 3 3 3 3 3 3 3 17 17 3 3 3 3 21 0 0 0 0 43 0 0 0 0 21 3 3 3 3 3 3 3 3 3 17 3 3 3 3 3 3 3 3 3 3 3 17 17 3 3 3 3 3 3 3 3 17 3 3 3 3 3 3 3 3 3 3 3 3 3 3 3 3 17 3 3 3 17 3 3 3 3 3 3 3 3 3 3 3 3 17 17 3 3 3 3 3 17 3 3 3 3 17 3 3 3 3 3 3 3 3 3 3 3 3
3 3 3 3 3 3 17 3 3 3 3 3 3 3 3 21 0 0 0 0 0 0 43 0 0 0 0 0 21 3 3 3 3 3 3 3 3 17 3 3 3 3 3 3 3 3 3 3 3 3 3 3 17 3 3 3 3 3 3 3 3 3 3 3 3 3 3 3 3 3 3 3 3 3 3 3 3 3 3 3 3 3 17 3 3 17 3 3 3 3 3 3 3 3 3 3 3 3 3 3 17 3 3 3 17 3 3 3 3 17 3 3 3 3 3 3 3 3 3 3 3 3 3 3 3 3 3 3 3 3 3 3 3 3 3 3 3 3 3 3 3 3 3 17 3 3 3 3 3 3 3 3 3 3 3 21 21 21 21 21 21 21 21 21 21 21 3 3 3 3 3 3 3 3 3 3 3 3 3 3 3 3 3 17 3 3 3 3 3 3 17 3 17 3 3 3 3 3 3 3 17 3 3 3 3 3 3 3 3 3 3 3 3 3 3 17 3 3 3 17 3 3 3 3 3 3 17 3 3 3 3 3 3 3 17 3 3 3 3 3 3 3 3 17 3 3 3 3 3 3 3 3 3 3 3 3
3 3 3 3 3 3 17 3 3 3 3 3 3 3 3 21 21 21 21 21 21 21 21 21 21 21 21 21 21 3 3 3 3 3 3 3 3 3 3 3 3 3 3 3 3 3 3 3 17 3 3 17 3 17 3 3 3 3 3 3 3 3 3 3 3 3 3 3 3 3 3 3 3 3 3 3 3 3 3 3 3 3 3 3 3 3 3 3 3 3 3 3 3 3 3 3 3 3 3 3 3 3 3 3 3 3 3 3 3 3 3 3 17 3 3 3 3 3 3 3 3 3 3 3 3 3 3 3 3 3 3 3 3 3 3 3 3 3 17 3 3 3 3 3 3 3 3 3 3 17 3 3 3 3 3 3 3 3 3 3 3 3 3 3 3 3 3 3 17 3 3 3 3 3 3 17 3 3 3 3 3 3 3 3 3 3 3 3 3 3 3 3 3 3 3 3 3 3 3 3 3 3 3 3 17 3 3 17 3 3 3 3 3 3 3 3 3 3 3 3 3 3 3 3 3 3 3 3 3 3 3 3 3 3 3 3 3 3 3 3 3 3 3 3 3 3 3 3 3 3 3 3 3 3 3 3
3 3 3 3 17 3 3 3 3 3 3 17 3 3 3 3 3 17 3 3 3 3 3 3 17 3 3 3 3 3 17 3 3 3 17 3 3 3 3 3 3 3 3 3 3 3 3 3 3 3 3 3 3 3 3 3 3 17 3 3 3 3 3 3 3 3 3 3 3 17 3 3 3 3 3 3 3 3 3 3 3 3 3 3 3 3 3 3 3 3 3 3 3 3 3 3 3 3 3 3 3 3 3 3 3 3 3 3 3 3 3 3 3 3 3 3 3 3 3 3 3 3 3 3 3 3 3 3 3 3 3 3 3 3 3 3 3 3 3 3 3 3 17 3 3 3 3 3 3 3 3 3 3 3 3 3 3 3 3 3 3 3 3 3 3 3 3 3 3 3 3 3 3 3 3 3 3 3 3 3 3 3 3 3 3 3 3 3 3 3 3 3 3 3 3 3 3 3 3 3 3 17 3 17 3 3 3 3 3 3 3 3 17 3 3 3 3 3 3 3 3 3 3 3 3 3 3 3 3 3 3 3 3 3 3 3 17 3 3 3 3 3 3 3 17 3 3 3 3 3 3 3 3 3 17 3
3 3 3 3 3 3 3 3 3 3 3 3 3 17 3 3 3 3 3 3 3 3 3 3 3 3 3 3 3 3 3 3 3 17 3 3 3 3 3 17 3 3 3 3 3 3 3 3 3 17 3 3 3 3 3 3 17 3 3 3 3 3 3 3 3 3 3 3 3 3 3 3 3 3 3 3 3 3 3 3 3 3 3 3 3 3 3 3 3 3 3 3 3 3 3 3 3 3 3 3 3 3 3 3 3 3 3 3 3 17 3 3 3 3 3 3 3 17 3 3 3 3 3 3 3 3 3 3 3 3 3 3 3 3 3 3 17 3 3 3 3 17 3 3 3 3 17 3 3 3 3 3 3 3 3 3 3 3 3 17 3 3 3 3 3 3 3 3 3 3 3 17 3 3 3 3 3 3 3 3 3 3 3 3 3 3 3 3 3 3 3 3 3 3 3 17 3 3 3 3 3 17 3 3 3 3 3 3 3 3 3 17 3 17 3 17 3 3 3 3 3 3 3 3 3 3 3 3 3 3 3 3 17 3 3 3 3 17 3 17 3 3 3 3 3 3 3 17 3 3 3 3 3 3 3 3
3 3 3 17 3 3 3 3 3 3 3 3 17 3 3 3 3 3 3 3 3 3 3 3 3 3 3 3 3 3 3 3 3 3 3 3 3 3 3 3 3 3 3 3 3 3 3 3 3 3 17 3 3 3 3 3 3 3 3 3 3 3 3 3 3 3 3 3 3 3 3 3 3 3 3 3 3 3 3 17 3 3 3 3 3 3 3 3 3 3 3 3 3 3 3 17 3 3 3 3 3 3 3 17 3 3 17 3 3 3 3 3 3 3 3 3 3 3 3 3 3 3 3 3 3 3 3 3 3 17 3 3 3 3 3 3 3 3 17 3 3 3 3 17 3 3 3 3 17 3 3 3 17 3 3 3 3 3 17 3 17 3 3 3 3 3 17 3 17 3 3 3 3 3 3 3 3 3 3 3 3 3 3 3 17 3 3 3 3 3 3 3 3 3 17 3 3 17 3 3 17 17 17 3 3 3 3 3 3 3 3 3 3 3 3 3 3 3 3 3 3 3 3 3 3 17 3 3 3 3 3 3 3 3 3 3 3 17 3 3 3 3 3 3 3 3 17 3 3 3 3 3 17 3 3 3
3 17 3 3 17 3 3 3 3 3 3 3 3 3 3 17 3 3 3 3 3 3 3 3 3 3 3 3 17 3 17 3 3 3 3 3 17 3 3 3 17 3 3 3 3 3 3 3 3 3 17 3 3 3 3 3 3 3 3 3 3 3 3 3 3 3 3 3 3 17 3 3 3 3 3 3 3 3 3 3 3 3 3 3 3 3 17 17 17 17 3 3 3 3 17 3 3 3 3 3 3 3 3 3 3 17 17 3 3 3 3 17 3 3 3 3 3 3 3 3 3 3 3 3 3 17 3 3 3 3 3 3 3 3 3 3 3 3 3 17 3 3 17 3 3 3 3 3 3 3 3 3 3 3 3 3 3 3 3 3 3 3 3 3 3 3 3 3 3 3 3 3 17 3 17 3 3 3 17 3 3 3 3 3 3 3 3 3 3 17 3 3 3 3 3 3 3 3 3 3 3 3 3 3 3 3 3 3 3 3 3 3 3 3 3 3 3 3 3 17 3 3 3 3 3 3 3 3 3 3 17 3 3 3 3 3 3 3 3 3 3 3 3 17 3 3 3 3 3 3 3 3 3 17 3 3
3 3 3 3 3 3 3 3 3 3 3 3 3 3 3 3 3 3 3 3 3 3 3 3 3 3 17 3 3 17 3 3 3 3 3 3 3 3 3 3 3 3 3 3 3 3 3 3 3 3 3 3 3 3 3 3 3 3 3 3 17 3 17 3 3 3 3 3 3 3 3 3 3 3 3 3 3 3 3 17 3 3 3 3 3 3 3 3 3 3 3 3 3 3 3 3 3 3 3 3 3 3 17 17 3 3 3 3 3 3 3 3 3 3 3 3 3 3 3 3 3 3 3 3 3 3 3 3 3 3 3 3 3 3 3 3 3 3 3 3 3 3 3 3 3 3 3 3 3 3 3 3 3 3 3 3 3 3 3 3 3 3 17 3 3 3 3 3 3 3 3 3 3 3 3 3 3 3 3 3 3 3 3 3 3 3 3 3 3 3 3 3 3 3 3 17 3 3 3 17 3 3 3 3 3 3 3 3 3 3 3 3 3 3 3 17 3 3 3 3 3 3 3 3 3 3 3 3 3 3 3 3 3 3 3 3 3 3 3 3 3 3 17 17 3 3 3 3 3 3 3 3 3 3 17 3
17 3 3 17 3 3 17 3 3 3 3 3 3 3 3 3 3 3 17 3 3 3 3 17 3 3 3 3 3 3 3 3 3 3 17 3 3 3 3 3 3 3 3 17 17 3 3 3 3 3 3 3 3 3 3 17 3 3 3 3 3 3 3 17 3 3 3 3 3 3 3 3 3 3 3 3 17 3 3 3 3 3 3 3 3 3 3 3 3 3 3 3 3 3 3 3 3 3 3 3 3 3 3 3 3 17 3 3 3 17 17 3 3 3 3 3 3 3 3 3 3 3 3 3 3 3 17 3 3 3 3 3 3 3 3 17 3 3 3 3 17 3 3 3 3 3 3 3 3 3 3 3 3 3 3 3 3 3 3 3 3 3 3 3 3 3 3 3 3 3 17 3 3 3 3 3 3 3 3 3 3 3 3 3 3 3 3 3 3 3 3 3 3 3 3 3 3 3 3 3 3 3 3 3 3 3 3 3 3 3 3 3 3 17 3 3 3 3 3 3 3 3 3 3 3 3 3 3 3 3 3 3 3 3 3 3 3 3 17 3 3 17 3 3 3 3 3 3 3 3 3 3 17 3 3 3
17 3 3 17 3 3 3 3 3 3 3 3 3 3 3 3 3 3 3 3 3 3 3 3 3 3 3 3 3 3 3 3 3 3 3 3 3 3 17 3 3 3 3 3 3 3 3 3 3 3 3 3 3 3 3 3 3 3 3 3 3 3 3 3 3 3 3 3 3 3 3 3 3 3 3 3 3 3 3 3 3 3 3 3 3 3 3 3 3 3 3 3 3 3 3 3 3 3 3 3 3 3 3 3 3 3 3 3 3 3 3 3 3 3 3 3 3 3 3 3 3 3 3 3 3 3 3 3 3 17 3 3 3 3 3 3 3 3 17 3 3 3 3 3 3 3 3 3 3 3 3 17 3 3 3 3 3 3 3 3 3 3 3 3 3 3 3 3 3 3 17 3 3 3 3 3 3 3 3 3 17 3 3 3 3 3 3 3 3 3 3 3 17 3 3 3 3 3 3 3 17 3 3 3 3 3 3 3 3 3 3 3 3 3 17 3 3 3 3 3 3 3 3 3 3 3 3 3 3 3 3 3 3 17 3 3 3 3 3 3 3 3 3 3 3 3 3 3 3 3 3 3 3 3 3 3
